0.00268 424547.187424159
0.00276 405224.34575649
0.00284 373952.406108465
0.00292 345175.138216964
0.003 317147.625817031
0.00308 292141.4344591
0.00316 269810.83407431
0.00324 249670.975393639
0.00332 230775.992209326
0.0034 213050.072128316
0.00347 197555.977220298
0.00355 183499.612918376
0.00363 170376.743254877
0.00371 159078.916274377
0.00379 148534.364834758
0.00387 138788.112864695
0.00395 129482.99977765
0.00403 120999.049141302
0.00411 113662.740417866
0.00418 106591.361572364
0.00426 99871.5372488899
0.00434 93894.9902657278
0.00442 88508.7732465882
0.0045 83365.7124874162
0.00458 78509.5119784603
0.00466 74224.3332629357
0.00474 70253.1461893818
0.00482 66641.9221428973
0.0049 62994.2014680601
0.00497 59827.6517261507
0.00505 56888.4676950675
0.00513 54059.0906534395
0.00521 51347.5062480868
0.00529 48826.4551771933
0.00537 46247.2776269783
0.00545 44118.7519936319
0.00553 42128.2254718108
0.00561 40080.1304797169
0.00568 38149.7276286795
0.00576 36392.7056031116
0.00584 34740.2592768828
0.00592 33368.3315278742
0.006 32009.012738262
0.00608 30562.5711010214
0.00616 29257.5680608831
0.00624 28058.9437306031
0.00632 26797.368578242
0.0064 25755.2339028293
0.00647 24691.3936883182
0.00655 23654.0656751495
0.00663 22714.8704800187
0.00671 21897.6014406434
0.00679 20988.0151937003
0.00687 20141.6525610229
0.00695 19513.93799135
0.00703 18840.9810244114
0.00711 18155.3975020426
0.00718 17455.0110641754
0.00726 16798.5410215875
0.00734 16205.1428546744
0.00742 15522.2030382958
0.0075 14976.3164562049
0.00758 14485.664559755
0.00766 14047.8125723904
0.00774 13608.6264345017
0.00782 13134.9951169283
0.0079 12627.7241529158
0.00797 12208.9855108036
0.00805 11796.3080538704
0.00813 11403.2476693623
0.00821 11027.4451292362
0.00829 10682.239265462
0.00837 10383.4545740954
0.00845 10059.5159118752
0.00853 9747.3100823928
0.00861 9462.56337881956
0.00868 9173.99425326099
0.00876 8856.86294906695
0.00884 8613.00979040541
0.00892 8384.80469267393
0.009 8098.00057629273
0.00908 7832.7490210394
0.00916 7606.78323328416
0.00924 7367.58558500327
0.00932 7160.55508402203
0.0094 6968.80421948837
0.00947 6791.42390146259
0.00955 6604.03567393597
0.00963 6423.01429224884
0.00971 6232.41435068595
0.00979 6030.85823804117
0.00987 5865.45105616076
0.00995 5716.39841694293
0.01003 5606.33593414605
0.01011 5446.72485372791
0.01019 5277.26415144181
0.01026 5153.970897156
0.01034 5024.80855131203
0.01042 4894.6895509511
0.0105 4789.55237540129
0.01058 4657.23146238727
0.01066 4536.70519112993
0.01074 4442.83211050063
0.01082 4345.36558126722
0.0109 4238.2071178337
0.01097 4135.59605379855
0.01105 4038.50866902731
0.01113 3925.25487359678
0.01121 3820.08286952683
0.01129 3735.87686967561
0.01137 3658.10968177053
0.01145 3582.07607663722
0.01153 3504.13527094623
0.01161 3403.03748632887
0.01169 3317.93526607878
0.01176 3240.04538857042
0.01184 3179.44458179769
0.01192 3131.13524406462
0.012 3061.21657491074
0.01208 2971.53120043
0.01216 2905.20945847506
0.01224 2859.92268213215
0.01232 2800.70749683712
0.0124 2717.58643143919
0.01247 2676.36186016023
0.01255 2616.31108335825
0.01263 2553.49331621229
0.01271 2515.70374442538
0.01279 2460.72950315061
0.01287 2398.80824608841
0.01295 2340.37174717241
0.01303 2285.71420286682
0.01311 2238.27229971266
0.01319 2194.24254334636
0.01326 2171.03593667407
0.01334 2100.82237937809
0.01342 2050.68688665678
0.0135 2034.12578747032
0.01358 2013.06744487731
0.01366 1963.89809211901
0.01374 1918.06799104842
0.01382 1904.59136717883
0.0139 1864.16149687899
0.01397 1827.051003115
0.01405 1787.7642588036
0.01413 1742.30535107036
0.01421 1709.65892796339
0.01429 1692.63536816695
0.01437 1654.76522990661
0.01445 1627.6142996706
0.01453 1607.46549693595
0.01461 1556.39633790191
0.01469 1535.96969080784
0.01476 1504.51402007352
0.01484 1470.58276598814
0.01492 1454.55977471934
0.015 1424.07031834851
0.01508 1396.55075297977
0.01516 1370.23482417669
0.01524 1360.7792324315
0.01532 1332.91928418371
0.0154 1309.67710741376
0.01548 1280.19722785224
0.01555 1260.89368609784
0.01563 1255.06264247723
0.01571 1225.87786102184
0.01579 1197.72153349638
0.01587 1163.69060457146
0.01595 1163.35214470571
0.01603 1147.68081646376
0.01611 1137.79852095719
0.01619 1123.66106695823
0.01626 1092.37700799276
0.01634 1067.15068955004
0.01642 1050.02465947851
0.0165 1034.38721891941
0.01658 1015.22050154073
0.01666 993.147326798067
0.01674 990.166155690516
0.01682 984.888349444867
0.0169 972.071979596598
0.01698 950.022363888182
0.01705 941.45368517997
0.01713 945.311137753607
0.01721 929.454660359885
0.01729 901.666237716594
0.01737 872.387410221536
0.01745 862.61304967172
0.01753 850.816490264447
0.01761 830.045124527976
0.01769 824.384784985374
0.01776 831.795488643246
0.01784 820.054037582339
0.01792 807.192002270806
0.018 777.554464968523
0.01808 766.596479877383
0.01816 758.526962104048
0.01824 751.220833809007
0.01832 746.367514615103
0.0184 735.486987621528
0.01848 731.99911108143
0.01855 706.896724218142
0.01863 694.317717467623
0.01871 694.00431631146
0.01879 684.111148635491
0.01887 664.281320636889
0.01895 660.049986943158
0.01903 657.502571655397
0.01911 646.275626978461
0.01919 642.57465472124
0.01926 626.107341066916
0.01934 618.610915246327
0.01942 610.611067898885
0.0195 604.449542096851
0.01958 599.963447349509
0.01966 587.61317938831
0.01974 570.726469904394
0.01982 565.372450176352
0.0199 563.783110088578
0.01998 548.544657886341
0.02005 550.476327786956
0.02013 542.552258032729
0.02021 529.11519644936
0.02029 536.316954711453
0.02037 525.495041841297
0.02045 514.799394825188
0.02053 517.276273250238
0.02061 510.461658479616
0.02069 504.384056749809
0.02076 504.734356287593
0.02084 492.085535588245
0.02092 490.480069299656
0.021 479.153121525612
0.02108 466.418007897032
0.02116 469.964801588695
0.02124 471.98731544513
0.02132 470.121848037474
0.0214 458.685194483066
0.02148 439.858955021518
0.02155 436.733924021313
0.02163 440.537754644158
0.02171 432.477994045518
0.02179 417.861091433106
0.02187 416.804463703773
0.02195 417.674812011748
0.02203 410.973364261624
0.02211 409.902185135839
0.02219 402.797015885484
0.02227 392.480064891164
0.02234 395.197115150423
0.02242 393.000877121878
0.0225 388.930692979997
0.02258 378.061277339537
0.02266 367.952840464802
0.02274 376.508480172441
0.02282 376.095879947502
0.0229 365.782143651745
0.02298 353.817728742173
0.02305 350.132232821107
0.02313 354.621539005291
0.02321 361.007240683904
0.02329 360.462669409424
0.02337 355.66601412225
0.02345 341.315263045392
0.02353 350.743498320426
0.02361 348.49372807997
0.02369 339.50001148371
0.02377 329.645900438454
0.02384 325.95224207727
0.02392 333.650046870617
0.024 332.477345664893
0.02408 322.8027476772
0.02416 323.745953863912
0.02424 317.873590392057
0.02432 312.198982550938
0.0244 315.386490348493
0.02448 312.50269762883
0.02455 310.172307088547
0.02463 293.381946081382
0.02471 291.316748240768
0.02479 294.932342532769
0.02487 292.175181146126
0.02495 289.130389691887
0.02503 288.69722525504
0.02511 296.386524096988
0.02519 290.916030208481
0.02527 283.722504817882
0.02534 280.358689414192
0.02542 276.148620277021
0.0255 272.795326880978
0.02558 271.395369312402
0.02566 273.963550859061
0.02574 274.991254565869
0.02582 268.572574225345
0.0259 265.10119665937
0.02598 262.447768076891
0.02605 259.748339745834
0.02613 255.50481754841
0.02621 251.277418849279
0.02629 250.572734584545
0.02637 254.179327202992
0.02645 250.349024503048
0.02653 245.855807202415
0.02661 243.144646894442
0.02669 240.139341309632
0.02677 245.013513112578
0.02684 245.843615394662
0.02692 242.516295735717
0.027 240.177090895518
0.02708 236.773452075362
0.02716 243.674208335234
0.02724 235.629945998099
0.02732 230.807431920952
0.0274 229.24882651856
0.02748 224.485988461688
0.02755 224.779965651222
0.02763 224.070043295
0.02771 226.771839796847
0.02779 220.281861772104
0.02787 226.674451454437
0.02795 232.945128854132
0.02803 224.259669009368
0.02811 216.737921332648
0.02819 215.821799866284
0.02827 206.488091078191
0.02834 209.498489880291
0.02842 213.521009793858
0.0285 208.93822035596
0.02858 212.323596028853
0.02866 211.311528099903
0.02874 204.614154898208
0.02882 201.029836880754
0.0289 195.099596830376
0.02898 192.785622862011
0.02905 192.07928469477
0.02913 194.122706295562
0.02921 199.437811628075
0.02929 200.728793022969
0.02937 201.994205998993
0.02945 195.304022435565
0.02953 194.205898143263
0.02961 188.875144397016
0.02969 185.746828203364
0.02977 182.469417371969
0.02984 177.856706545328
0.02992 193.017976453599
0.03 191.007317522927
0.03008 186.211454958304
0.03016 186.491404341969
0.03024 185.486752662643
0.03032 178.602810312364
0.0304 175.190832319189
0.03048 179.899753420013
0.03056 184.094801375373
0.03063 174.191335621761
0.03071 171.134133728965
0.03079 175.525013636711
0.03087 182.233270313579
0.03095 172.770859022072
0.03103 170.92784294831
0.03111 167.114529581937
0.03119 170.537891406594
0.03127 175.555567641253
0.03134 175.594864785782
0.03142 170.925414944543
0.0315 162.798617939874
0.03158 158.641851162703
0.03166 163.422608169342
0.03174 165.153199443994
0.03182 160.25723211489
0.0319 154.203907034017
0.03198 158.165283089518
0.03206 159.108974357649
0.03213 160.778100853351
0.03221 155.903091790937
0.03229 151.869368167528
0.03237 152.00191734143
0.03245 148.791934289493
0.03253 143.610280501357
0.03261 148.312004648407
0.03269 151.788807014463
0.03277 151.476496932505
0.03284 151.168077371738
0.03292 146.17620745192
0.033 153.103005220081
0.03308 150.045465780249
0.03316 150.268970510695
0.03324 148.965296286693
0.03332 149.744692342185
0.0334 146.178553074651
0.03348 143.576424761892
0.03356 146.378555278592
0.03363 152.678728839758
0.03371 150.73492825212
0.03379 146.672283266371
0.03387 139.192026832253
0.03395 138.332932735283
0.03403 143.676260394405
0.03411 143.067119891875
0.03419 148.44346671721
0.03427 145.607403358039
0.03434 141.684411478192
0.03442 141.196539336716
0.0345 136.397102537633
0.03458 136.107373388877
0.03466 138.067424435098
0.03474 135.110792436819
0.03482 135.264222774405
0.0349 129.709250652138
0.03498 133.806221848926
0.03506 136.52822178137
0.03513 130.940894925056
0.03521 130.034612349375
0.03529 130.278088599861
0.03537 129.841017701888
0.03545 137.218933439059
0.03553 133.294925550535
0.03561 129.991329687914
0.03569 125.172435691067
0.03577 129.638418076786
0.03584 127.03868786189
0.03592 126.04806128591
0.036 120.06680204744
0.03608 127.236412277799
0.03616 136.424585366548
0.03624 131.44028579652
0.03632 129.792681039686
0.0364 121.630901308858
0.03648 117.860899887143
0.03656 118.15837086173
0.03663 127.317373428723
0.03671 124.698984702858
0.03679 125.516935016446
0.03687 126.336971131443
0.03695 122.795559011865
0.03703 127.242460984573
0.03711 122.122213493671
0.03719 118.552777061859
0.03727 119.904833171196
0.03734 120.880728313762
0.03742 116.678661467621
0.0375 116.422467760153
0.03758 113.644982696589
0.03766 109.426996995824
0.03774 118.170459049311
0.03782 118.813638030792
0.0379 117.594854674285
0.03798 116.970338859095
0.03806 116.39262283054
0.03813 120.945589886884
0.03821 118.692065353837
0.03829 118.72070033535
0.03837 114.372987498065
0.03845 107.502434352439
0.03853 112.883485016773
0.03861 115.718405470483
0.03869 115.053345921623
0.03877 119.307919058815
0.03884 115.797600474299
0.03892 113.638706069534
0.039 112.672928925312
0.03908 109.121029359313
0.03916 113.398331586795
0.03924 113.422809596505
0.03932 107.997459596987
0.0394 111.00004614188
0.03948 111.622141268809
0.03956 113.729707493088
0.03963 111.886082745184
0.03971 115.195210374458
0.03979 109.124096587003
0.03987 110.94181539017
0.03995 109.216591763975
0.04003 113.820586632841
0.04011 115.221124985963
0.04019 113.16338126026
0.04027 106.01366615432
0.04034 107.010732166627
0.04042 107.760028749214
0.0405 103.93828981734
0.04058 108.117151802416
0.04066 106.924296358335
0.04074 106.157211069166
0.04082 102.170335052202
0.0409 107.186682295514
0.04098 107.572942639338
0.04106 109.715447052859
0.04113 107.395586479606
0.04121 102.617798358515
0.04129 102.289006614801
0.04137 106.082756439545
0.04145 103.697189074319
0.04153 102.457165746787
0.04161 105.299873207122
0.04169 108.363988976926
0.04177 101.91078376711
0.04184 101.617172098886
0.04192 107.551733239263
0.042 102.525059342495
0.04208 97.806798334865
0.04216 102.720521160586
0.04224 99.5065592210077
0.04232 103.623743137869
0.0424 101.282677133648
0.04248 100.987136445535
0.04256 104.028012128002
0.04263 107.497712599535
0.04271 104.241236093171
0.04279 101.846623868734
0.04287 97.9804493942462
0.04295 104.517202598919
0.04303 104.868958024834
0.04311 101.623273323131
0.04319 104.730236551434
0.04327 103.694987703079
0.04334 97.6323233804453
0.04342 97.5547443715108
0.0435 97.246164017778
0.04358 94.7368704241654
0.04366 95.5549297206325
0.04374 95.094214726018
0.04382 94.156439968678
0.0439 99.1101848691171
0.04398 95.3880337404326
0.04406 92.2869398258185
0.04413 100.132282408789
0.04421 97.8911450588561
0.04429 99.3120163572052
0.04437 100.982609360607
0.04445 99.6449318839268
0.04453 97.3332038237195
0.04461 92.8577758947151
0.04469 97.1221607192095
0.04477 93.8871707254414
0.04484 91.5585423631597
0.04492 93.0210976616252
0.045 98.5764844339344
0.04508 97.1891027310333
0.04516 97.7945048809091
0.04524 94.68300062288
0.04532 98.0151025750918
0.0454 96.1196127340288
0.04548 100.205176822723
0.04556 100.844582932661
0.04563 94.4704657177508
0.04571 89.2051981375355
0.04579 93.8261026402901
0.04587 94.0191477815665
0.04595 95.1192681787349
0.04603 95.2546592990615
0.04611 95.4568383098768
0.04619 93.8960454598733
0.04627 93.6388750026163
0.04634 98.9473196289824
0.04642 102.904536738711
0.0465 96.568302678101
0.04658 94.9331096687469
0.04666 90.5470950580116
0.04674 89.0867132835288
0.04682 89.494232262007
0.0469 86.7788664550357
0.04698 87.7540293307358
0.04706 93.5259571203655
0.04713 90.202647563888
0.04721 89.2499785638611
0.04729 86.5063000898603
0.04737 88.3614574913815
0.04745 95.8920433885067
0.04753 87.8437789082874
0.04761 85.6024714335746
0.04769 92.1147333699546
0.04777 90.9359010552506
0.04784 91.3388796690484
0.04792 84.9332383714364
0.048 88.002272578429
0.04808 92.8615886690222
0.04816 86.225334739857
0.04824 83.0747884397912
0.04832 83.012472477745
0.0484 84.1974505536118
0.04848 85.6583499544319
0.04856 84.0589782396279
0.04863 79.2933028704838
0.04871 82.4936749308481
0.04879 87.5595203842832
0.04887 87.6386628917974
0.04895 86.4404078982169
0.04903 84.4012781465657
0.04911 90.3805134329122
0.04919 87.7115360665945
0.04927 89.001381206488
0.04934 91.1128040557759
0.04942 90.3123048805649
0.0495 84.621431263633
0.04958 83.7433584210253
0.04966 83.9587372888867
0.04974 88.61608435387
0.04982 91.4911750817259
0.0499 89.1431054827855
0.04998 88.4345167308946
0.05006 91.6032424247567
0.05013 90.3251870996187
0.05021 88.1328004180528
0.05029 92.395417015623
0.05037 87.532916733908
0.05045 82.6922166125044
0.05053 83.0410343676982
0.05061 88.7426578702192
0.05069 88.4862914201263
0.05077 94.7469206513164
0.05084 86.5034893370933
0.05092 75.8963041612157
0.051 84.2362706396138
0.05108 79.0883616340957
0.05116 79.505769983252
0.05124 82.2265951303615
0.05132 81.8531173121877
0.0514 85.2745030045304
0.05148 83.6460916550312
0.05156 79.6889476368629
0.05163 83.6625945982615
0.05171 89.8554159400096
0.05179 80.5239205151567
0.05187 83.9619865698467
0.05195 87.5923561883029
0.05203 88.5577825057373
0.05211 84.5321568553163
0.05219 86.9156689689143
0.05227 86.4484068851857
0.05234 87.1369483652912
0.05242 83.2123823249584
0.0525 75.4002828805426
0.05258 77.0373882201263
0.05266 76.6063986161855
0.05274 84.7217141334462
0.05282 87.4834531061809
0.0529 80.7787633270958
0.05298 83.9818843121116
0.05306 80.4910588166785
0.05313 79.4531141626809
0.05321 83.3790908891811
0.05329 81.6864525774982
0.05337 82.1237527470126
0.05345 87.5590526152322
0.05353 82.1189525398405
0.05361 75.5357962635004
0.05369 75.3267153253371
0.05377 81.3133708092456
0.05384 79.3367098320529
0.05392 83.3829940462465
0.054 87.5895574063652
0.05408 82.7522779996238
0.05416 79.3668697606431
0.05424 78.2472755395583
0.05432 84.4894176934817
0.0544 87.9872534340958
0.05448 83.9769040891461
0.05456 77.5834592334403
0.05463 77.2911997696675
0.05471 81.7008405208003
0.05479 82.8068574773771
0.05487 81.4030917898159
0.05495 80.5949125957204
0.05503 76.037888239807
0.05511 82.8943823647367
0.05519 84.4394091725283
0.05527 82.6699632929865
0.05534 81.5884635203301
0.05542 83.0705025760646
0.0555 87.9304193814158
0.05558 82.1622598503448
0.05566 78.5228174407422
0.05574 90.3430648376977
0.05582 84.6812880282543
0.0559 85.9651774831466
0.05598 84.9387761023343
0.05606 78.7133628167831
0.05613 86.4339804750577
0.05621 82.8793126980711
0.05629 77.5152440729708
0.05637 77.5236244153394
0.05645 77.2497157790652
0.05653 75.1618592583668
0.05661 75.6370465512886
0.05669 80.2646144203739
0.05677 86.5728693495447
0.05684 81.986228607006
0.05692 83.6661475512462
0.057 82.5580600681512
0.05708 79.7893733222279
0.05716 79.1095477787274
0.05724 80.2353834429326
0.05732 80.7075686403414
0.0574 77.8297442627246
0.05748 75.9881322246691
0.05756 78.8164544230558
0.05763 84.2636304773435
0.05771 76.3493570720205
0.05779 81.5815755589497
0.05787 82.6405575142741
0.05795 77.5266531126954
0.05803 75.7252977624372
0.05811 78.7506140626676
0.05819 81.4820940784548
0.05827 74.693609140235
0.05834 68.9967486023058
0.05842 66.8224908557116
0.0585 82.1239979373213
0.05858 81.9333834599964
0.05866 75.5445653826221
0.05874 77.8480638753962
0.05882 77.2690142213414
0.0589 81.5495524288622
0.05898 78.1979514444912
0.05906 78.0451676251651
0.05913 78.0591448875324
0.05921 76.6701398954128
0.05929 73.2461221995121
0.05937 76.852462998358
0.05945 75.2628890260587
0.05953 77.8495755850591
0.05961 77.2384755551971
0.05969 77.3976562690707
0.05977 74.4646922455839
0.05984 74.6203485822847
0.05992 87.1278244502741
0.06 80.7648099852181
0.06008 76.8813159032913
0.06016 81.913847850303
0.06024 79.0079386835983
0.06032 78.7678266611965
0.0604 76.169014091666
0.06048 78.8664363633355
0.06055 76.7965247080311
0.06063 75.1980041763239
0.06071 79.2307776094476
0.06079 82.7757480023789
0.06087 78.3860149903713
0.06095 74.7488604079991
0.06103 68.9666172706968
0.06111 65.6483019031524
0.06119 76.3049188692226
0.06127 78.2544791649621
0.06134 82.8374825571725
0.06142 81.7043489580366
0.0615 82.3924552351795
0.06158 80.0089962405904
0.06166 75.4112593774889
0.06174 75.9993798275519
0.06182 73.0326165300083
0.0619 73.5339868590177
0.06198 79.1101551227769
0.06205 78.0676442096405
0.06213 80.5802728328181
0.06221 77.8519663462462
0.06229 72.8138275670526
0.06237 75.7068644903947
0.06245 76.1271759702145
0.06253 77.3245811319595
0.06261 77.8433315029237
0.06269 76.3559114766414
0.06277 79.6147747750848
0.06284 78.1271375115982
0.06292 72.8911520962026
0.063 72.4403909605661
0.06308 79.2145996197164
0.06316 76.6772896732538
0.06324 74.3802133467782
0.06332 82.8540360227352
0.0634 74.0295071395055
0.06348 71.3599065103712
0.06355 72.9754302992788
0.06363 75.4725493763364
0.06371 73.5442457201126
0.06379 72.8183792586855
0.06387 77.5874401585578
0.06395 73.855104590431
0.06403 72.9898149385198
0.06411 72.9897930131686
0.06419 71.9301631459842
0.06427 71.6192066197393
0.06434 76.8088068985422
0.06442 75.0304543623571
0.0645 71.9735481610329
0.06458 69.6197826560751
0.06466 73.0518006266982
0.06474 72.7147707122909
0.06482 70.6175217884848
0.0649 69.3304156187209
0.06498 70.2510183241732
0.06505 68.5274107351982
0.06513 69.87491382281
0.06521 78.6224750314311
0.06529 72.6555671375597
0.06537 77.8605267890854
0.06545 75.3939324757123
0.06553 75.6035263848903
0.06561 73.6782600504523
0.06569 75.2059227773949
0.06577 76.3005180583715
0.06584 72.8951495839641
0.06592 73.3509906148002
0.066 67.0469863230833
0.06608 70.8679272332081
0.06616 75.2639176282725
0.06624 78.0128647435423
0.06632 72.4839368109183
0.0664 74.2297638655693
0.06648 76.7753026720806
0.06655 73.6278794212363
0.06663 74.4302517524664
0.06671 72.6082397912351
0.06679 70.3547119329575
0.06687 71.0361295720189
0.06695 73.1703007767647
0.06703 69.7804338890935
0.06711 75.0802768397639
0.06719 78.9965123315064
0.06726 72.8856169619812
0.06734 75.2834346378451
0.06742 73.051915594992
0.0675 72.0909518953552
0.06758 66.3882114030003
0.06766 67.3559521071695
0.06774 74.9240244647968
0.06782 70.0651229819071
0.0679 70.9943685324042
0.06798 72.1865960371768
0.06805 66.725358967055
0.06813 65.2086182879578
0.06821 69.9782433038847
0.06829 85.099906410187
0.06837 84.1961209818962
0.06845 70.8582444589971
0.06853 73.2713497461157
0.06861 75.4035275485185
0.06869 73.4278187779181
0.06876 67.8990981068073
0.06884 72.5188836245898
0.06892 82.4265069938825
0.069 78.1774922040173
0.06908 78.3008264150977
0.06916 75.399882196468
0.06924 68.2650919041652
0.06932 69.7549591782124
0.0694 73.0379775280046
0.06948 69.4871039252044
0.06955 67.7159197881503
0.06963 61.7921045219167
0.06971 67.5085266063362
0.06979 72.4966422335628
0.06987 75.3917117969661
0.06995 78.5413922617521
0.07003 76.8410406788811
0.07011 78.3487033099711
0.07019 71.4761607099406
0.07026 70.7370704921472
0.07034 67.5273552209154
0.07042 73.6958906242536
0.0705 69.1351431905761
0.07058 67.8696398529628
0.07066 76.3880170089342
0.07074 75.1313099726546
0.07082 72.1317547853015
0.0709 71.339205404819
0.07097 77.1829910467843
0.07105 72.78519061157
0.07113 66.0140791071828
0.07121 72.6481947598072
0.07129 79.4951390350638
0.07137 72.2189673338682
0.07145 67.6447855147422
0.07153 75.4764286129123
0.07161 71.0660908423563
0.07169 74.1022321360438
0.07176 66.036157667768
0.07184 69.2874100486109
0.07192 74.2442806584557
0.072 71.4148354848205
0.07208 69.7840639239151
0.07216 67.1107655099368
0.07224 71.6277219029533
0.07232 77.1448640534368
0.0724 75.0276921579535
0.07247 72.4281373458668
0.07255 69.4539611450988
0.07263 63.7523509434992
0.07271 67.7610165012068
0.07279 66.9791007502662
0.07287 70.5050604541787
0.07295 62.6569436748056
0.07303 67.3846833933482
0.07311 68.7032638520354
0.07319 74.9624165998353
0.07326 74.4879748323616
0.07334 68.2681664261925
0.07342 69.1429501274144
0.0735 69.6990646962493
0.07358 67.678402756698
0.07366 63.6495032397816
0.07374 72.5718942410562
0.07382 65.4521842561563
0.0739 65.4397565475704
0.07397 62.7622705696689
0.07405 68.7679460109024
0.07413 71.4350482048934
0.07421 68.5560735851391
0.07429 72.5631689938062
0.07437 77.1186178803107
0.07445 71.8679721067536
0.07453 74.5442241525586
0.07461 75.9659047996096
0.07468 76.6299842522804
0.07476 68.2220976186693
0.07484 65.0597010693323
0.07492 70.339363866018
0.075 75.0760667489512
0.07508 72.096006603481
0.07516 69.5050527808748
0.07524 70.13591301548
0.07532 69.4764796063076
0.0754 74.8918046504255
0.07547 72.826190829677
0.07555 73.8256290453885
0.07563 68.7451644243101
0.07571 68.8100492528757
0.07579 69.2910646477986
0.07587 74.2741429004358
0.07595 76.9156501160525
0.07603 68.5903971359938
0.07611 77.043690805147
0.07618 68.9691343271302
0.07626 74.3165564860638
0.07634 77.7407622206493
0.07642 68.4948633283127
0.0765 66.6656145317125
0.07658 68.1433617383057
0.07666 76.1445380770944
0.07674 75.1146880920233
0.07682 69.0742518806649
0.0769 76.6072212658089
0.07697 73.9157487360644
0.07705 65.5576486462027
0.07713 65.9527804415671
0.07721 67.9612765101624
0.07729 72.4376267610243
0.07737 75.2437833412978
0.07745 70.5589070000208
0.07753 63.8855227575103
0.07761 71.0304662532592
0.07768 70.2312681162905
0.07776 64.0882446452443
0.07784 73.4089974576764
0.07792 75.3553596174958
0.078 67.0547866306301
0.07808 64.6736400276376
0.07816 71.643479278397
0.07824 68.2200935332506
0.07832 63.8061018073837
0.07839 65.0778944502654
0.07847 66.7737328930066
0.07855 66.8700640785602
0.07863 71.2991925984077
0.07871 76.8633757567276
0.07879 73.8721889832524
0.07887 70.2033614325348
0.07895 64.895286254247
0.07903 68.9333309888241
0.07911 67.7567910931652
0.07918 68.0885816495
0.07926 61.0461396436644
0.07934 64.4960120969232
0.07942 75.3423923572215
0.0795 70.1397404419699
0.07958 64.4052126991913
0.07966 66.0460032512515
0.07974 71.5883662978778
0.07982 71.4441701671108
0.07989 65.5716339314613
0.07997 70.0175105848479
0.08005 75.628993801434
0.08013 74.1485408558457
0.08021 64.5211911375019
