0.00268 353287.353353801
0.00276 335814.193165748
0.00284 308840.055491788
0.00292 283523.657559141
0.003 261248.608247886
0.00308 240903.461637221
0.00316 221610.727183458
0.00324 204879.187274389
0.00332 190018.506192677
0.0034 175270.7825092
0.00347 162157.407547274
0.00355 150526.313505802
0.00363 139725.627870604
0.00371 130113.032339897
0.00379 121280.015800743
0.00387 113215.614820472
0.00395 105753.382548615
0.00403 98865.2747211496
0.00411 92814.9041620664
0.00418 87104.9468174368
0.00426 81918.7541485287
0.00434 76984.4210999857
0.00442 72331.0396766129
0.0045 68049.6720352174
0.00458 64106.8407570931
0.00466 60525.4948002166
0.00474 57186.8117923783
0.00482 54085.6739426336
0.0049 51111.6267262178
0.00497 48623.3106057233
0.00505 46179.749983171
0.00513 43752.4612186069
0.00521 41542.3828263164
0.00529 39479.701636368
0.00537 37504.483081281
0.00545 35813.3758650147
0.00553 34073.8354033258
0.00561 32276.8214594301
0.00568 30776.2936380193
0.00576 29523.7876997466
0.00584 28216.8641239536
0.00592 26928.4700997016
0.006 25732.1132841109
0.00608 24738.8434204794
0.00616 23659.5811777419
0.00624 22661.2934570062
0.00632 21702.6155808651
0.0064 20874.5452146075
0.00647 20053.2347401789
0.00655 19220.1687580079
0.00663 18458.4459270343
0.00671 17694.1043435306
0.00679 17021.6176833732
0.00687 16380.4148318774
0.00695 15771.9375539886
0.00703 15226.6506563947
0.00711 14669.6731179919
0.00718 14128.3009584931
0.00726 13571.3525830187
0.00734 13093.6412700127
0.00742 12649.0356282819
0.0075 12174.5206183349
0.00758 11752.1453092383
0.00766 11417.1320861044
0.00774 11049.8004021325
0.00782 10620.1926490694
0.0079 10206.8328402793
0.00797 9893.92499033256
0.00805 9595.3929809353
0.00813 9312.29318813115
0.00821 9008.67048102501
0.00829 8697.24506173009
0.00837 8451.18072023669
0.00845 8197.03278596172
0.00853 7954.2275749523
0.00861 7697.89993684942
0.00868 7464.84978621215
0.00876 7237.88682732358
0.00884 6997.85719467657
0.00892 6785.36441716364
0.009 6575.01432733214
0.00908 6399.41269904648
0.00916 6228.55927889696
0.00924 6067.87950845774
0.00932 5910.11994505336
0.0094 5734.74035317797
0.00947 5561.65691856161
0.00955 5403.74724885326
0.00963 5285.24132525712
0.00971 5165.67373315836
0.00979 5016.47253814726
0.00987 4892.39972165316
0.00995 4727.35409535068
0.01003 4610.43540224724
0.01011 4482.08657660276
0.01019 4372.82483028979
0.01026 4268.58007909241
0.01034 4158.61825920125
0.01042 4067.22103762132
0.0105 3984.46488742572
0.01058 3882.65496127816
0.01066 3765.27121289217
0.01074 3669.81366549923
0.01082 3570.52180971796
0.0109 3480.99688642975
0.01097 3398.22322693325
0.01105 3328.56164994201
0.01113 3263.96456656788
0.01121 3187.98820491719
0.01129 3118.18738743198
0.01137 3017.38241981193
0.01145 2944.63188528429
0.01153 2886.78659929095
0.01161 2825.06623982495
0.01169 2768.01437592546
0.01176 2720.04692875154
0.01184 2661.78368806717
0.01192 2601.47200113107
0.012 2538.36040130321
0.01208 2469.37351729501
0.01216 2436.27308172443
0.01224 2388.851321656
0.01232 2328.20908455065
0.0124 2286.12496179545
0.01247 2242.88436687718
0.01255 2215.42698768727
0.01263 2166.98043909179
0.01271 2118.26651488694
0.01279 2072.3326747441
0.01287 2032.68829183597
0.01295 1999.98627550641
0.01303 1944.92537829115
0.01311 1888.14518184921
0.01319 1848.4887841967
0.01326 1823.03745334892
0.01334 1787.40865662624
0.01342 1744.54240766688
0.0135 1713.27118530163
0.01358 1691.48600313858
0.01366 1659.78017348724
0.01374 1629.16901998009
0.01382 1603.16923602232
0.0139 1570.53059882008
0.01397 1543.79136707962
0.01405 1521.6458371904
0.01413 1491.21206818292
0.01421 1455.23447971983
0.01429 1430.31978884333
0.01437 1396.06704676755
0.01445 1375.53765608963
0.01453 1360.88973494646
0.01461 1333.90360565889
0.01469 1318.14575833578
0.01476 1303.57062925028
0.01484 1281.05744893088
0.01492 1249.20529640417
0.015 1226.77563079991
0.01508 1200.52328294433
0.01516 1183.87563723089
0.01524 1168.41746022754
0.01532 1155.38618843274
0.0154 1131.02622075724
0.01548 1115.84309488224
0.01555 1094.70830390887
0.01563 1077.46660761947
0.01571 1051.42455548907
0.01579 1033.29063492105
0.01587 1019.93261272567
0.01595 1001.30902245603
0.01603 982.093973991528
0.01611 965.063327905281
0.01619 945.566584218004
0.01626 933.279675021766
0.01634 925.115719760073
0.01642 908.725472136666
0.0165 909.439067131431
0.01658 899.187114392397
0.01666 880.315440226015
0.01674 865.952883771035
0.01682 851.719908784066
0.0169 846.579954068535
0.01698 839.477240664699
0.01705 831.425452853608
0.01713 808.621444270802
0.01721 790.941219359724
0.01729 776.503373052846
0.01737 764.484711379319
0.01745 755.229540814331
0.01753 750.951515495453
0.01761 735.714981559906
0.01769 732.416154283708
0.01776 713.4978091137
0.01784 707.602535385361
0.01792 692.78864780267
0.018 693.278233389838
0.01808 683.389754347165
0.01816 662.364540123528
0.01824 666.006157900109
0.01832 668.653076331585
0.0184 663.487598416061
0.01848 646.634902551053
0.01855 631.485059621196
0.01863 619.589802909284
0.01871 612.710631928536
0.01879 604.814367260166
0.01887 592.401726629083
0.01895 591.099005269915
0.01903 582.035979500459
0.01911 568.591690038234
0.01919 560.919137869675
0.01926 548.307314477119
0.01934 545.631348268856
0.01942 541.835691154639
0.0195 537.569737844882
0.01958 524.300799770227
0.01966 516.574011458339
0.01974 499.40850612352
0.01982 488.459709192786
0.0199 495.268777497939
0.01998 483.515634776487
0.02005 482.821676345641
0.02013 481.940354744592
0.02021 475.792060133149
0.02029 478.134329145422
0.02037 473.889008163618
0.02045 472.004594542645
0.02053 459.974970058161
0.02061 451.786464057443
0.02069 450.111910270143
0.02076 450.007750906834
0.02084 441.980357248074
0.02092 429.886481138022
0.021 408.4820207622
0.02108 412.199991418669
0.02116 414.928425906657
0.02124 412.990918698664
0.02132 404.453123028986
0.0214 398.040976762829
0.02148 392.13334758899
0.02155 395.346491433322
0.02163 396.834549888054
0.02171 390.229781954345
0.02179 386.980694387235
0.02187 389.148563434982
0.02195 385.178528545352
0.02203 370.945418575899
0.02211 377.55304713821
0.02219 373.420085872842
0.02227 368.385181188127
0.02234 368.015350361759
0.02242 365.09651256531
0.0225 351.38256481381
0.02258 347.016362948065
0.02266 341.096961560176
0.02274 342.777137338572
0.02282 345.143293819673
0.0229 344.866492959741
0.02298 327.974591815755
0.02305 317.956267151906
0.02313 324.364367591021
0.02321 320.076008825573
0.02329 323.80622683202
0.02337 315.104616477334
0.02345 299.85762467824
0.02353 301.6845926189
0.02361 305.194429210833
0.02369 309.88614544794
0.02377 309.669790595875
0.02384 306.669196570811
0.02392 302.085119236204
0.024 291.737896492959
0.02408 290.459418511231
0.02416 291.599287721609
0.02424 285.972134703533
0.02432 288.702971702264
0.0244 287.087274343223
0.02448 284.611844379647
0.02455 281.115617357227
0.02463 272.704178411073
0.02471 268.969614216227
0.02479 267.415527554619
0.02487 265.850099965709
0.02495 272.530657397356
0.02503 268.18848269939
0.02511 258.926835210795
0.02519 252.999007298133
0.02527 254.188603386948
0.02534 255.59143362177
0.02542 250.60937297489
0.0255 252.350036818382
0.02558 251.53254957523
0.02566 246.452972508277
0.02574 245.977101680243
0.02582 245.438585749845
0.0259 243.564461763501
0.02598 238.936815414399
0.02605 237.764434076928
0.02613 234.502333624543
0.02621 226.38656824718
0.02629 230.345619872833
0.02637 229.337333713611
0.02645 228.025270652053
0.02653 221.592433586166
0.02661 224.036278901867
0.02669 229.995526668438
0.02677 225.518687912254
0.02684 222.301239370468
0.02692 218.623408472425
0.027 211.540041724949
0.02708 210.326368222469
0.02716 213.231441542948
0.02724 210.443308487605
0.02732 211.367937874503
0.0274 208.59460600244
0.02748 205.762631024496
0.02755 205.219508865479
0.02763 203.767602776671
0.02771 206.13621024107
0.02779 199.574920169931
0.02787 206.861358297088
0.02795 199.327512467128
0.02803 195.164649625035
0.02811 188.451961710682
0.02819 191.91929407082
0.02827 190.586186055632
0.02834 194.053741077993
0.02842 195.89386160288
0.0285 189.865988531858
0.02858 188.331521453335
0.02866 185.37257959622
0.02874 174.640295877574
0.02882 178.347008607248
0.0289 179.134060721825
0.02898 181.000817154293
0.02905 177.203327911511
0.02913 178.681052334769
0.02921 178.568433163016
0.02929 179.536511204522
0.02937 178.776834871523
0.02945 177.54773661456
0.02953 177.893218892488
0.02961 173.425427874046
0.02969 170.102121105395
0.02977 171.494235135307
0.02984 166.556608434654
0.02992 165.822779115016
0.03 165.38851079395
0.03008 170.752628560635
0.03016 168.009680986358
0.03024 170.466654923844
0.03032 164.543093142211
0.0304 161.81761690593
0.03048 161.611489707294
0.03056 164.443050926989
0.03063 163.698025568664
0.03071 159.352646579231
0.03079 156.971386780164
0.03087 168.677684326941
0.03095 161.923910513872
0.03103 158.217421634847
0.03111 157.404042728986
0.03119 154.050160566522
0.03127 158.140681317388
0.03134 150.891729171253
0.03142 148.461340914081
0.0315 146.241045040316
0.03158 148.324688140605
0.03166 153.677841926524
0.03174 151.100247767458
0.03182 148.784006317684
0.0319 143.303460214884
0.03198 146.133349457988
0.03206 147.705666577564
0.03213 144.000046121076
0.03221 139.583203369084
0.03229 141.767456160872
0.03237 146.516091526673
0.03245 142.87452458088
0.03253 135.057356570536
0.03261 133.976293523914
0.03269 135.690898804999
0.03277 140.851477678445
0.03284 142.343297335416
0.03292 141.654062058122
0.033 140.45197610761
0.03308 137.457127358047
0.03316 138.640958303244
0.03324 135.063504491112
0.03332 138.646867787809
0.0334 141.046123136875
0.03348 132.491737419627
0.03356 135.759388542063
0.03363 135.198812573552
0.03371 137.826197913253
0.03379 132.458108527855
0.03387 127.462839786727
0.03395 127.705180106825
0.03403 128.572696966623
0.03411 124.704008699352
0.03419 129.032396750852
0.03427 120.106455607907
0.03434 116.692717121585
0.03442 119.812600129985
0.0345 126.212555141088
0.03458 130.801246345301
0.03466 124.938866351205
0.03474 119.728144501456
0.03482 121.816308527477
0.0349 122.62308133905
0.03498 122.461368199906
0.03506 124.831011239045
0.03513 123.122163479208
0.03521 120.86321867095
0.03529 120.225481589266
0.03537 116.155208690537
0.03545 122.835711800589
0.03553 118.809556657088
0.03561 118.541828082246
0.03569 117.490557894689
0.03577 119.430151422427
0.03584 118.5173497596
0.03592 116.721209120174
0.036 111.82885907113
0.03608 115.84812119316
0.03616 118.432961395026
0.03624 119.486075334753
0.03632 117.786018763244
0.0364 111.596564592424
0.03648 108.089200021713
0.03656 109.92070407699
0.03663 116.609951601671
0.03671 112.064843449648
0.03679 113.598068649902
0.03687 111.290572803183
0.03695 110.803037875238
0.03703 113.452984709657
0.03711 114.37892727725
0.03719 113.889563163878
0.03727 114.197912444877
0.03734 111.551357525766
0.03742 109.656768289198
0.0375 107.169420563579
0.03758 104.262672945511
0.03766 105.614018418896
0.03774 111.764383613532
0.03782 109.371318279507
0.0379 106.899900218544
0.03798 110.479183801007
0.03806 111.414706507001
0.03813 114.252251438209
0.03821 110.487442022389
0.03829 111.87866544065
0.03837 109.82707861474
0.03845 105.138338724125
0.03853 105.96297265088
0.03861 107.93601684225
0.03869 103.827997903662
0.03877 106.673881113619
0.03884 108.338811535481
0.03892 110.830265240158
0.039 107.574329067041
0.03908 100.708298972442
0.03916 99.3391467427055
0.03924 98.429699561334
0.03932 94.4902348013821
0.0394 95.9992172090996
0.03948 101.983120941551
0.03956 99.0114607300952
0.03963 95.7075549766356
0.03971 99.1837994885094
0.03979 94.9730237645204
0.03987 97.6411011128044
0.03995 97.8670746510761
0.04003 97.1792378387454
0.04011 92.4372436614699
0.04019 95.4101288075985
0.04027 97.2756392860879
0.04034 95.8601017728638
0.04042 99.944849757743
0.0405 95.724174817071
0.04058 97.5937919153769
0.04066 100.259457413072
0.04074 98.4134852904923
0.04082 95.3086495051345
0.0409 97.0051511406989
0.04098 97.3737675792841
0.04106 95.8612436884123
0.04113 95.9582289148703
0.04121 92.3099109489377
0.04129 88.698436109612
0.04137 94.2453219124373
0.04145 98.7370757964613
0.04153 93.3734272980461
0.04161 91.7648053015621
0.04169 94.4657611579686
0.04177 91.5983450464218
0.04184 91.6641313451007
0.04192 94.7447319230553
0.042 95.3209506104209
0.04208 89.6911397019948
0.04216 94.8220081319785
0.04224 95.3541616496164
0.04232 97.4159679402993
0.0424 99.2269518574722
0.04248 91.3990471705809
0.04256 88.7568787610038
0.04263 89.6650858746728
0.04271 88.0773229626909
0.04279 89.5643545976245
0.04287 91.9537715041631
0.04295 92.0621899982737
0.04303 90.1962383082861
0.04311 91.2283488411818
0.04319 89.1965002407678
0.04327 92.7765926414203
0.04334 91.0345525220782
0.04342 92.1665504009773
0.0435 90.3572209505143
0.04358 84.9725222529518
0.04366 84.5176326798724
0.04374 86.2801490881406
0.04382 85.5740356662853
0.0439 86.8336572978458
0.04398 89.2736817697243
0.04406 87.112175701023
0.04413 89.1533882115592
0.04421 85.8893001951053
0.04429 85.2678697059955
0.04437 86.6382679083286
0.04445 86.9190999913224
0.04453 86.0085961786695
0.04461 85.1513969730349
0.04469 92.0918572705538
0.04477 87.4166977414921
0.04484 79.90452685169
0.04492 87.473398302291
0.045 92.1585283132262
0.04508 91.3794830975158
0.04516 89.2148399640642
0.04524 87.2069466440992
0.04532 93.3076942442448
0.0454 89.3892440229176
0.04548 91.0109952074715
0.04556 89.620125980348
0.04563 87.5737409161054
0.04571 82.9870851822302
0.04579 83.9387637059078
0.04587 84.1998178271738
0.04595 87.5860776819144
0.04603 84.3083099447089
0.04611 82.5602837928574
0.04619 82.3117440992548
0.04627 80.0182511458977
0.04634 84.4603366232608
0.04642 87.34589496537
0.0465 83.5515007114904
0.04658 83.0869275651026
0.04666 83.7413388274346
0.04674 82.288088613876
0.04682 80.4955198539905
0.0469 77.1505363904704
0.04698 80.1941530102941
0.04706 86.2319276189974
0.04713 86.6983346114249
0.04721 83.5725807035027
0.04729 80.6286328990246
0.04737 78.3264048708831
0.04745 81.3412186024914
0.04753 75.4752170492546
0.04761 73.8173684052751
0.04769 80.2370096598961
0.04777 87.4223290538148
0.04784 85.4569136822034
0.04792 82.4350947206569
0.048 79.1635748295108
0.04808 76.2313811070612
0.04816 82.705921793826
0.04824 73.8989072730412
0.04832 74.0859718365992
0.0484 76.5763368147503
0.04848 80.3605232833175
0.04856 79.0192973306033
0.04863 75.6676183755824
0.04871 78.8291599858747
0.04879 76.3280846518532
0.04887 80.4745105608831
0.04895 75.818447006425
0.04903 74.1071897728521
0.04911 81.2765199163851
0.04919 77.109813437833
0.04927 76.4279095062254
0.04934 82.9580245934108
0.04942 82.6008244602636
0.0495 77.8300010368585
0.04958 79.172211714905
0.04966 78.9007119944567
0.04974 85.7441104803368
0.04982 85.8525032572919
0.0499 82.3148671821651
0.04998 79.7810383791384
0.05006 80.587308601535
0.05013 81.719208894566
0.05021 84.9189891719085
0.05029 82.1860939102038
0.05037 77.5566359041756
0.05045 78.3831258847019
0.05053 77.7756667413768
0.05061 78.2372529943832
0.05069 79.065973050698
0.05077 82.7969157236392
0.05084 74.7102074442902
0.05092 70.964063301229
0.051 73.5574270288332
0.05108 70.7564365237194
0.05116 72.6569159244038
0.05124 74.5874196571709
0.05132 74.2619906073124
0.0514 75.5871080823265
0.05148 72.5257232539573
0.05156 71.3896111514904
0.05163 76.9836676598351
0.05171 79.1870140679929
0.05179 70.0870756055956
0.05187 70.3148649137393
0.05195 72.4474751689705
0.05203 77.4965995974663
0.05211 77.5750253443075
0.05219 76.0356375822614
0.05227 77.7619718317409
0.05234 75.3418696625377
0.05242 74.5067047964788
0.0525 71.9547028188353
0.05258 69.548929036601
0.05266 70.3122987974541
0.05274 72.2836681063308
0.05282 77.6530835030753
0.0529 75.668880688253
0.05298 76.8993925990625
0.05306 73.4215509038292
0.05313 72.3763403908245
0.05321 74.6289847302865
0.05329 74.2416697352725
0.05337 76.1809406939229
0.05345 76.2227103344746
0.05353 71.6344106621605
0.05361 67.59851060491
0.05369 67.2229537862519
0.05377 72.1109225898967
0.05384 73.3601015095583
0.05392 71.6615106111111
0.054 79.2599972775408
0.05408 75.5806539141192
0.05416 73.141713508153
0.05424 72.5342952708679
0.05432 74.1481991236235
0.0544 74.6856385918608
0.05448 69.2601011865338
0.05456 68.2326559389367
0.05463 74.9305497074755
0.05471 76.660864934132
0.05479 74.6170570993496
0.05487 66.6344030309272
0.05495 67.6030210582264
0.05503 69.637359208363
0.05511 76.0342134001429
0.05519 76.3069169987217
0.05527 72.9115673303918
0.05534 74.6544431176506
0.05542 75.5760657616689
0.0555 75.2563036846558
0.05558 74.7727082429435
0.05566 70.5237329659957
0.05574 74.7176288093295
0.05582 71.6730993515045
0.0559 74.7159440020872
0.05598 76.4981512772495
0.05606 73.948209298673
0.05613 81.2891202504559
0.05621 73.2691058436515
0.05629 70.2141138058115
0.05637 62.3872955058299
0.05645 58.8545140573169
0.05653 56.6835926628005
0.05661 63.3201895294348
0.05669 70.636351552845
0.05677 76.5692871507303
0.05684 73.2609779255222
0.05692 72.6772280415027
0.057 72.7842462973203
0.05708 75.7479481010825
0.05716 71.7988383528644
0.05724 67.2563933367089
0.05732 68.7958453823346
0.0574 68.5663946444883
0.05748 74.2560823111734
0.05756 76.5366909277961
0.05763 76.1234178807617
0.05771 67.3298148518532
0.05779 72.0942875419586
0.05787 68.7906301492583
0.05795 70.4857946789196
0.05803 74.0325270201974
0.05811 70.9918101989216
0.05819 68.6707988591334
0.05827 68.3440262508101
0.05834 65.3568705673489
0.05842 64.5916102806278
0.0585 68.0564180526618
0.05858 71.2749687737641
0.05866 69.6081244298763
0.05874 68.3147751322494
0.05882 70.6045156383092
0.0589 74.3175019125794
0.05898 72.3981217276459
0.05906 70.3257383274835
0.05913 70.771573728878
0.05921 69.764441786806
0.05929 68.4613487080003
0.05937 67.3250601321052
0.05945 70.3248336781374
0.05953 68.5853573727012
0.05961 70.9899027294573
0.05969 70.3601731315439
0.05977 64.5663500453746
0.05984 66.0069186976865
0.05992 68.7957203245991
0.06 67.1485276962774
0.06008 64.2532694221675
0.06016 69.9754142908296
0.06024 71.8326911139028
0.06032 70.8624344123003
0.0604 71.8656327544152
0.06048 73.4028593848659
0.06055 71.774056178058
0.06063 69.4554461419692
0.06071 74.2176858317665
0.06079 71.8728302688065
0.06087 69.3979017245984
0.06095 70.4766657326204
0.06103 67.1999271362108
0.06111 62.6887909166855
0.06119 66.7993835753104
0.06127 65.6708839339098
0.06134 66.5359866035034
0.06142 66.1889556706262
0.0615 68.6910794472738
0.06158 65.9422463322579
0.06166 65.9099738109827
0.06174 65.087043445633
0.06182 64.8995464068998
0.0619 65.8440163030112
0.06198 70.6508652240378
0.06205 69.7780981113995
0.06213 71.116291019175
0.06221 70.2410062814245
0.06229 65.34602756861
0.06237 65.8124742972696
0.06245 67.9588992557366
0.06253 70.0190452865248
0.06261 70.2531876117292
0.06269 62.0615731134629
0.06277 65.279121014447
0.06284 70.1650864802348
0.06292 69.7981373203916
0.063 62.197284407263
0.06308 65.7288427130517
0.06316 64.1209868553874
0.06324 68.4608666090807
0.06332 71.1202351846397
0.0634 65.4675016459842
0.06348 64.8157441424384
0.06355 63.8665551684835
0.06363 65.2595616019953
0.06371 65.3206183131777
0.06379 63.3420445082989
0.06387 65.8691672915536
0.06395 71.7259808418107
0.06403 71.5627961619472
0.06411 75.0782740095707
0.06419 68.0736988422974
0.06427 64.4048922858376
0.06434 65.4277563812135
0.06442 68.445565742526
0.0645 67.1154685831626
0.06458 64.5266164600646
0.06466 65.4610089113528
0.06474 63.9734922343616
0.06482 63.645612748872
0.0649 61.0091422748131
0.06498 59.2358062267275
0.06505 63.038025057006
0.06513 59.2305617856903
0.06521 65.7359297550697
0.06529 62.1720410969878
0.06537 62.567987750497
0.06545 65.9662313869535
0.06553 66.3620149825887
0.06561 65.0095042161154
0.06569 68.9604139417989
0.06577 73.1708694176978
0.06584 72.0515104020571
0.06592 65.0243918907069
0.066 60.4718822417604
0.06608 64.3115549019613
0.06616 67.811191915856
0.06624 68.1493913392702
0.06632 68.0754760457453
0.0664 64.1148185004103
0.06648 67.1583199872473
0.06655 63.2112492001725
0.06663 64.1435898038124
0.06671 66.6286104154424
0.06679 66.3032351208924
0.06687 65.8878962257513
0.06695 66.8688989251285
0.06703 63.4220440423417
0.06711 64.607277565448
0.06719 63.7541878855314
0.06726 60.6128169386737
0.06734 65.4446339408712
0.06742 66.3525342220045
0.0675 59.5898979181814
0.06758 55.9769205568448
0.06766 59.8065555084546
0.06774 64.1473597982281
0.06782 69.5838161653343
0.0679 67.7222457393635
0.06798 69.5587850076283
0.06805 67.1378623221565
0.06813 58.836794395799
0.06821 57.5963967024792
0.06829 66.9178643253597
0.06837 72.6322126557758
0.06845 67.0746684604405
0.06853 70.4565347867996
0.06861 66.6957198009478
0.06869 69.0562134221488
0.06876 65.8685805320636
0.06884 67.7289535324656
0.06892 72.5696680637993
0.069 70.956283158912
0.06908 64.1874019521675
0.06916 60.6183553443599
0.06924 62.3403083298226
0.06932 62.153774997116
0.0694 64.1086728822142
0.06948 64.7932691576505
0.06955 65.0989956425358
0.06963 58.3252410550148
0.06971 63.5718523059477
0.06979 64.2851673365219
0.06987 68.4696975150215
0.06995 69.613657571427
0.07003 67.6816238820181
0.07011 67.7480489221653
0.07019 62.2361104000889
0.07026 65.1411334560649
0.07034 63.8804826837085
0.07042 66.4899274357635
0.0705 61.169023341247
0.07058 61.6335070718037
0.07066 68.0848656357866
0.07074 67.543965326667
0.07082 65.2663997169684
0.0709 61.1801200021171
0.07097 63.9587886369497
0.07105 56.4735324491108
0.07113 58.8682574953623
0.07121 64.3697784005547
0.07129 65.0795876084972
0.07137 63.3655404079911
0.07145 64.8949617266366
0.07153 71.5120699541969
0.07161 66.8406588153412
0.07169 65.7657278968884
0.07176 62.2175859774725
0.07184 59.9749320252365
0.07192 62.2260838046729
0.072 60.4784293352224
0.07208 60.0147024222588
0.07216 63.3893560453423
0.07224 66.3945072415661
0.07232 67.3114511661132
0.0724 64.5884112905319
0.07247 63.4795288739828
0.07255 63.2839910305721
0.07263 64.1549891656542
0.07271 63.1976045550397
0.07279 64.3520897017097
0.07287 63.1572760588208
0.07295 59.1025950109213
0.07303 62.0238761496804
0.07311 62.5461760731432
0.07319 63.5102754957072
0.07326 63.4580952757371
0.07334 60.9130827542433
0.07342 60.7195289840959
0.0735 63.9726518313586
0.07358 69.5063874081901
0.07366 61.1483915795802
0.07374 62.2262322399481
0.07382 57.0384593224881
0.0739 57.0868560952517
0.07397 56.1634743798079
0.07405 60.8962753272046
0.07413 60.6772293011189
0.07421 55.8512165938671
0.07429 64.987145534122
0.07437 67.8572972537713
0.07445 62.4027255244478
0.07453 63.0755449252199
0.07461 64.712289577507
0.07468 70.1930916634355
0.07476 65.8712343094681
0.07484 58.4669939471993
0.07492 63.0967342197975
0.075 69.0819926238887
0.07508 68.3062656442066
0.07516 65.3232212411751
0.07524 65.3699775849235
0.07532 61.3551365003795
0.0754 62.4882944454678
0.07547 60.9013012003476
0.07555 65.0797874780834
0.07563 61.1500553675168
0.07571 63.1162293114332
0.07579 60.5060032130557
0.07587 67.3772759939797
0.07595 66.5591838965514
0.07603 59.369519446806
0.07611 65.5050331936588
0.07618 62.6826506184797
0.07626 62.6699503775432
0.07634 67.0201758421712
0.07642 58.2069660422094
0.0765 54.0547036871351
0.07658 59.1923651944878
0.07666 61.5638251546879
0.07674 62.2538189856682
0.07682 61.7680653368802
0.0769 67.3314669789474
0.07697 66.0337381720155
0.07705 58.2553826644708
0.07713 51.2661428544669
0.07721 55.712960240324
0.07729 61.2897382986488
0.07737 64.5776635380454
0.07745 65.0909238751855
0.07753 58.8581561067138
0.07761 61.0622271813658
0.07768 64.1942868036018
0.07776 60.3385974211477
0.07784 63.379268657152
0.07792 66.8845790592174
0.078 62.0288470977069
0.07808 62.9831314552834
0.07816 66.1041254165586
0.07824 64.1626834201821
0.07832 61.1127020666006
0.07839 66.4480070203208
0.07847 64.8103746436657
0.07855 61.9363600229641
0.07863 57.4651420694506
0.07871 62.9262153069647
0.07879 68.5799493261226
0.07887 61.0467159541903
0.07895 61.8485376672342
0.07903 66.8055636469847
0.07911 59.7529300870604
0.07918 61.0745914004238
0.07926 57.8973497693084
0.07934 57.0296090960988
0.07942 65.2424462098494
0.0795 59.3661182661264
0.07958 59.2239481248875
0.07966 62.7343264759436
0.07974 66.9698961100545
0.07982 64.1292526619026
0.07989 60.8826283610742
0.07997 56.8246951340559
0.08005 65.1644096552913
0.08013 65.375956050918
0.08021 57.5720048897638
