0.00268 551205.819065144
0.00276 524555.181016514
0.00284 483201.940034914
0.00292 445027.632683296
0.003 409713.675970141
0.00308 377812.760681015
0.00316 347203.299220275
0.00324 319916.866464877
0.00332 295543.25492459
0.0034 272755.079329957
0.00347 251856.202750427
0.00355 232889.621142113
0.00363 215005.030090899
0.00371 199708.876039306
0.00379 186165.957221197
0.00387 173545.77459514
0.00395 161450.436445137
0.00403 150505.510240177
0.00411 141191.097993609
0.00418 132341.886380348
0.00426 123800.26547542
0.00434 116242.61419132
0.00442 109272.229691052
0.0045 102835.706071851
0.00458 96642.5874012982
0.00466 90919.8241491335
0.00474 85790.2205073775
0.00482 81063.1184887255
0.0049 76616.2191184192
0.00497 72730.9151601177
0.00505 68888.926656318
0.00513 65145.8761276821
0.00521 61770.8996016466
0.00529 58606.546098325
0.00537 55698.3283393669
0.00545 53136.2511478917
0.00553 50615.4589044926
0.00561 48171.9403859437
0.00568 45966.131518423
0.00576 43922.9157548353
0.00584 41825.5074810314
0.00592 39870.6864646393
0.006 38046.3177688303
0.00608 36465.3262444577
0.00616 34867.1521264441
0.00624 33331.1455670635
0.00632 31931.1980384577
0.0064 30678.4407536721
0.00647 29468.8443592866
0.00655 28286.3240266284
0.00663 27271.3709024777
0.00671 26300.4827712342
0.00679 25140.0755124445
0.00687 24107.718515858
0.00695 23210.421604291
0.00703 22387.43972303
0.00711 21586.5502112067
0.00718 20704.2288582753
0.00726 19890.4556053532
0.00734 19210.5827028402
0.00742 18513.5930769313
0.0075 17906.3425723344
0.00758 17266.6412746206
0.00766 16691.1814088338
0.00774 16169.5592285933
0.00782 15554.8036885407
0.0079 14978.7607835292
0.00797 14520.7231481462
0.00805 14065.3427800355
0.00813 13600.7516897617
0.00821 13155.5701074245
0.00829 12768.083362945
0.00837 12350.2705117301
0.00845 11973.8582410485
0.00853 11598.4274038632
0.00861 11253.3977984605
0.00868 10909.0168725912
0.00876 10556.9296837969
0.00884 10276.3771703878
0.00892 10029.2170237036
0.009 9743.30712762615
0.00908 9465.97581492363
0.00916 9170.23489898143
0.00924 8906.03367485783
0.00932 8670.49190214227
0.0094 8429.69383228405
0.00947 8236.24695255358
0.00955 8020.29729393326
0.00963 7821.37766910692
0.00971 7586.86234357568
0.00979 7353.12294816213
0.00987 7142.58790952244
0.00995 6976.60735132477
0.01003 6835.78680341921
0.01011 6646.2945818653
0.01019 6461.81374588952
0.01026 6321.53722436522
0.01034 6169.31368063034
0.01042 6000.55467720313
0.0105 5816.64828143661
0.01058 5701.08751299342
0.01066 5553.37140967689
0.01074 5427.77685831189
0.01082 5318.40007567139
0.0109 5201.5418299104
0.01097 5085.1628865374
0.01105 4961.31461871148
0.01113 4827.41938207267
0.01121 4716.03626560294
0.01129 4604.20110688955
0.01137 4493.67639803226
0.01145 4398.65661055076
0.01153 4284.35372856333
0.01161 4227.3235356256
0.01169 4163.69125083038
0.01176 4073.55384146381
0.01184 3959.01961590806
0.01192 3886.7704266781
0.012 3826.89400720206
0.01208 3740.47072071518
0.01216 3652.37116861666
0.01224 3564.93496368278
0.01232 3477.22061408502
0.0124 3429.61929367227
0.01247 3356.55217734183
0.01255 3286.29656535224
0.01263 3212.54059859164
0.01271 3152.63420857695
0.01279 3100.63320657125
0.01287 3014.34487864075
0.01295 2962.70929700571
0.01303 2908.12612692268
0.01311 2850.50879234331
0.01319 2810.23233976635
0.01326 2752.24973033441
0.01334 2702.0808908332
0.01342 2658.68404860187
0.0135 2620.76889937708
0.01358 2572.28895389182
0.01366 2511.53797801213
0.01374 2461.69858745597
0.01382 2429.524629963
0.0139 2374.74745324262
0.01397 2337.92407857034
0.01405 2299.11125372359
0.01413 2243.04623592757
0.01421 2199.48063916987
0.01429 2152.12450400309
0.01437 2115.01194503295
0.01445 2082.35040379563
0.01453 2060.7850315663
0.01461 2034.20228808326
0.01469 2000.51454414455
0.01476 1969.00006588542
0.01484 1925.47107782444
0.01492 1901.30670363564
0.015 1859.23216487725
0.01508 1835.11305814899
0.01516 1792.82742709385
0.01524 1771.88534204682
0.01532 1770.7170915304
0.0154 1740.11705562688
0.01548 1710.45902385785
0.01555 1676.62137530999
0.01563 1652.7485290043
0.01571 1622.05031860161
0.01579 1602.3795709796
0.01587 1578.5517476092
0.01595 1550.98886302263
0.01603 1529.27938568917
0.01611 1494.10293598199
0.01619 1472.37585201639
0.01626 1469.6065240514
0.01634 1449.77666082653
0.01642 1429.39892055963
0.0165 1412.67008152538
0.01658 1388.25911664013
0.01666 1360.46258602699
0.01674 1333.82176398194
0.01682 1317.78736959532
0.0169 1297.66675923905
0.01698 1280.19029340114
0.01705 1267.06403152016
0.01713 1238.66728636864
0.01721 1237.73062394581
0.01729 1222.37826316674
0.01737 1206.05438746069
0.01745 1181.02466312195
0.01753 1153.98138809116
0.01761 1132.50952095622
0.01769 1123.83616058365
0.01776 1108.27906653708
0.01784 1088.43601411707
0.01792 1063.30396171725
0.018 1055.82648346981
0.01808 1056.75453692261
0.01816 1031.8591485213
0.01824 1003.34425936687
0.01832 995.023025842267
0.0184 994.779742306958
0.01848 987.734010515859
0.01855 971.101636858283
0.01863 965.020861599261
0.01871 957.93421729146
0.01879 938.809997853417
0.01887 916.868287860906
0.01895 902.030844104397
0.01903 882.309901939057
0.01911 887.993579911138
0.01919 883.408765148686
0.01926 857.390417611998
0.01934 839.255018700062
0.01942 830.362680681975
0.0195 824.144076988214
0.01958 813.898304075665
0.01966 803.910714905358
0.01974 795.091014118897
0.01982 794.387977750087
0.0199 788.906963226363
0.01998 767.402050365703
0.02005 763.710683114641
0.02013 760.536185805355
0.02021 758.021757138888
0.02029 749.860914360931
0.02037 736.034628826221
0.02045 716.680438598393
0.02053 702.45252071126
0.02061 701.705458794556
0.02069 708.740205464279
0.02076 699.039607158814
0.02084 687.480455301532
0.02092 677.207797635811
0.021 657.320895735758
0.02108 660.235502238947
0.02116 653.030896688892
0.02124 649.553177342516
0.02132 644.794033787595
0.0214 640.497305598345
0.02148 626.785591162177
0.02155 615.671384953237
0.02163 621.417593527892
0.02171 616.113138429904
0.02179 606.816587179707
0.02187 612.46747654487
0.02195 600.763392342018
0.02203 574.638165073794
0.02211 570.790924850365
0.02219 569.765415885506
0.02227 569.127491621665
0.02234 560.780079051247
0.02242 548.679961991478
0.0225 548.152066402853
0.02258 544.396631631311
0.02266 535.197981758047
0.02274 547.14370230767
0.02282 535.504053743284
0.0229 533.660330653238
0.02298 524.828281256336
0.02305 522.514384369807
0.02313 507.242632584775
0.02321 495.5986390099
0.02329 495.939639873734
0.02337 491.746626532404
0.02345 484.409537605669
0.02353 489.807727798141
0.02361 480.265824481255
0.02369 478.508892702781
0.02377 469.808446923649
0.02384 466.92944574439
0.02392 463.083679344167
0.024 456.339829979244
0.02408 452.561551170286
0.02416 441.819356250651
0.02424 434.450860162309
0.02432 430.45053714519
0.0244 433.767767423943
0.02448 434.531770875578
0.02455 434.105706359286
0.02463 421.312527406114
0.02471 414.188152798764
0.02479 413.538471908963
0.02487 414.470617887601
0.02495 408.990503052998
0.02503 396.116087852688
0.02511 395.212569540057
0.02519 390.475440078591
0.02527 395.65398012815
0.02534 388.317197533625
0.02542 389.354835169198
0.0255 387.406003836263
0.02558 375.700892361289
0.02566 376.224647604262
0.02574 378.938743566649
0.02582 376.835497767324
0.0259 371.892202448018
0.02598 366.755020758861
0.02605 362.754908349655
0.02613 356.726404810943
0.02621 355.795686767332
0.02629 356.260234466466
0.02637 353.295951003945
0.02645 340.220759477266
0.02653 334.459721127054
0.02661 343.183165128445
0.02669 338.825286473007
0.02677 340.688167079069
0.02684 343.06629097012
0.02692 338.145979242059
0.027 326.501348417231
0.02708 326.103811894712
0.02716 333.324550274873
0.02724 329.241147696994
0.02732 325.461602368682
0.0274 317.214505835704
0.02748 314.340427105079
0.02755 313.819747112687
0.02763 304.684782010904
0.02771 309.334145363808
0.02779 308.75259394938
0.02787 313.424198714481
0.02795 312.696780661796
0.02803 314.714290332437
0.02811 305.248435070825
0.02819 293.447732615377
0.02827 277.36845480497
0.02834 290.32597346536
0.02842 297.179902735216
0.0285 289.783000271855
0.02858 288.922126726855
0.02866 285.225668253641
0.02874 283.011504002161
0.02882 282.239569377087
0.0289 283.956037185082
0.02898 282.102145616699
0.02905 277.972863578905
0.02913 282.31323791345
0.02921 286.825793495615
0.02929 277.081715823236
0.02937 272.680850820516
0.02945 271.068869987733
0.02953 272.800425418637
0.02961 265.411408304044
0.02969 259.507031012746
0.02977 255.23508115883
0.02984 258.974768488281
0.02992 254.918085215287
0.03 248.925810928367
0.03008 256.280620769323
0.03016 254.363936138029
0.03024 251.281995126447
0.03032 244.325408186697
0.0304 234.742099354645
0.03048 239.136227234428
0.03056 243.023400501078
0.03063 239.20478393221
0.03071 234.921272183818
0.03079 234.822024609018
0.03087 242.70989104825
0.03095 231.927769714685
0.03103 234.059450464841
0.03111 227.933617666972
0.03119 223.603034382133
0.03127 231.984846962536
0.03134 227.637794609478
0.03142 226.57290011247
0.0315 220.135954629545
0.03158 229.148614143631
0.03166 225.346931794187
0.03174 218.614428395459
0.03182 217.369716503817
0.0319 218.850673130944
0.03198 220.272947821123
0.03206 220.602619344915
0.03213 219.350395564031
0.03221 211.303239428046
0.03229 205.820083281381
0.03237 209.396331922829
0.03245 205.299047099494
0.03253 199.335599158004
0.03261 199.308506457103
0.03269 201.304742904415
0.03277 206.228032163623
0.03284 209.103867108004
0.03292 201.062654063484
0.033 200.669644625893
0.03308 202.219847718226
0.03316 204.12974470425
0.03324 204.543596131315
0.03332 203.913341224452
0.0334 196.439960823223
0.03348 195.581302657769
0.03356 190.710780819858
0.03363 194.871398257792
0.03371 200.252593775155
0.03379 196.966554043513
0.03387 189.036593007907
0.03395 188.71541479964
0.03403 190.165338389729
0.03411 187.68646452486
0.03419 188.489661479682
0.03427 187.703213323445
0.03434 186.535526944251
0.03442 183.333860496106
0.0345 181.971204632238
0.03458 181.228311615829
0.03466 180.087130544868
0.03474 177.372647178159
0.03482 174.701586691786
0.0349 175.355997336214
0.03498 177.327249474431
0.03506 178.781428357297
0.03513 177.348680165495
0.03521 175.477262329699
0.03529 168.079219621061
0.03537 168.747384262898
0.03545 177.081787094771
0.03553 172.301610830338
0.03561 171.841531755585
0.03569 168.721137445895
0.03577 170.831359573051
0.03584 169.848836290428
0.03592 160.704719362861
0.036 158.14986326111
0.03608 167.739230174089
0.03616 175.265225870417
0.03624 163.524979479579
0.03632 163.415018533216
0.0364 155.491928167793
0.03648 155.81077935345
0.03656 154.273109627351
0.03663 154.538338883385
0.03671 152.663692383057
0.03679 158.239863307001
0.03687 158.790076661105
0.03695 155.577294827229
0.03703 158.749457218029
0.03711 158.202359597639
0.03719 153.783673322249
0.03727 157.232044727751
0.03734 155.155137479449
0.03742 152.539144170093
0.0375 152.381539548336
0.03758 150.399685702788
0.03766 146.164403671197
0.03774 153.017376765354
0.03782 153.288684634066
0.0379 152.677002489567
0.03798 152.429546686394
0.03806 153.494982086351
0.03813 155.911852285629
0.03821 151.840483382722
0.03829 151.697884689054
0.03837 149.226823746438
0.03845 143.023908970713
0.03853 145.495716790039
0.03861 149.864821788054
0.03869 145.238902479938
0.03877 144.480998943626
0.03884 153.792450400754
0.03892 154.819540134222
0.039 148.526493095453
0.03908 141.205723042372
0.03916 133.493208740961
0.03924 141.501673060159
0.03932 143.892534961112
0.0394 140.087285692716
0.03948 140.112657406133
0.03956 143.197466322105
0.03963 138.048512753268
0.03971 139.278621417202
0.03979 139.563909208466
0.03987 139.290501614716
0.03995 134.266867699918
0.04003 135.319925850114
0.04011 135.265842780732
0.04019 136.084478871467
0.04027 132.904271690197
0.04034 128.764327447049
0.04042 131.969703006992
0.0405 134.047742520018
0.04058 138.79911305545
0.04066 139.498476203783
0.04074 135.687236689159
0.04082 130.152339063228
0.0409 129.888116505225
0.04098 133.616027964719
0.04106 133.207323581339
0.04113 128.552458346516
0.04121 126.365660583227
0.04129 125.611379101182
0.04137 131.36307357548
0.04145 133.969227286767
0.04153 122.095419767134
0.04161 122.639444860635
0.04169 129.432649556621
0.04177 130.039806590161
0.04184 129.791165382085
0.04192 130.55758287152
0.042 129.955310400157
0.04208 122.808644544494
0.04216 128.77225465138
0.04224 129.280463105653
0.04232 127.307608938522
0.0424 123.823255466674
0.04248 119.279735927585
0.04256 117.932532479383
0.04263 129.80306083332
0.04271 125.318544838279
0.04279 118.632712935801
0.04287 121.889167495644
0.04295 120.099467040465
0.04303 119.325231329578
0.04311 122.624478212603
0.04319 120.264071266666
0.04327 125.303293804559
0.04334 123.00431106976
0.04342 117.066735176826
0.0435 117.579730537349
0.04358 117.128700312084
0.04366 120.708983641534
0.04374 121.367341251391
0.04382 117.271256485142
0.0439 119.684170387175
0.04398 117.307673796789
0.04406 119.992202543621
0.04413 121.71464401403
0.04421 119.139687479146
0.04429 118.370843294867
0.04437 114.330187859376
0.04445 118.0049870562
0.04453 120.487801901084
0.04461 116.25452260365
0.04469 122.869478787458
0.04477 115.045772225434
0.04484 110.909677291788
0.04492 112.154298821841
0.045 109.787966075637
0.04508 113.324849759026
0.04516 116.265256570472
0.04524 112.449791647806
0.04532 117.92836825558
0.0454 116.449719987434
0.04548 118.435509513798
0.04556 120.854708065777
0.04563 112.460379410338
0.04571 108.393747556396
0.04579 110.80418097953
0.04587 108.02398685174
0.04595 110.198209393231
0.04603 112.063233596203
0.04611 105.907281395216
0.04619 108.449178217246
0.04627 107.501884160013
0.04634 113.389755869065
0.04642 114.966997857075
0.0465 113.171050638407
0.04658 116.640004855938
0.04666 112.722720810599
0.04674 112.699664127794
0.04682 109.255290231223
0.0469 98.9174314290361
0.04698 102.969611558761
0.04706 106.678087080796
0.04713 107.407307836955
0.04721 103.43469947463
0.04729 99.2744515059434
0.04737 99.0886418699438
0.04745 104.242711911515
0.04753 95.4247607095191
0.04761 94.1797218904096
0.04769 101.300814671881
0.04777 104.318072215672
0.04784 108.977677845859
0.04792 109.132534830718
0.048 102.133374863636
0.04808 102.815627059642
0.04816 103.604687954271
0.04824 99.5651102497256
0.04832 99.6757575959439
0.0484 102.573072423629
0.04848 103.798741725209
0.04856 101.597457697645
0.04863 103.231424734286
0.04871 98.6034774626007
0.04879 100.066497204887
0.04887 99.8706280522606
0.04895 102.237146842011
0.04903 100.848359129434
0.04911 98.6827522296066
0.04919 95.9013487129172
0.04927 100.605489557951
0.04934 101.096246208801
0.04942 102.900574456053
0.0495 97.6403794766996
0.04958 95.5896154040587
0.04966 101.460894452168
0.04974 108.985973168176
0.04982 107.957282028503
0.0499 104.133835410067
0.04998 98.7258335726305
0.05006 105.400525525013
0.05013 106.123655676495
0.05021 106.74365238731
0.05029 105.272535315913
0.05037 102.862654745388
0.05045 100.879308476513
0.05053 99.8842013264922
0.05061 107.260109653013
0.05069 100.711338048259
0.05077 102.303687589391
0.05084 91.9103223534406
0.05092 90.2920403080674
0.051 96.6360102090936
0.05108 94.1257916546085
0.05116 94.2629994443764
0.05124 96.5583348531554
0.05132 95.2404773718576
0.0514 96.4565808838283
0.05148 94.7901176065109
0.05156 91.8499978409377
0.05163 98.5530058067496
0.05171 101.552924477936
0.05179 96.4624893717274
0.05187 99.2277281572687
0.05195 102.707619697535
0.05203 102.984652048077
0.05211 102.008369522358
0.05219 100.053961864683
0.05227 101.471999841037
0.05234 97.6202544792007
0.05242 93.8651924809671
0.0525 88.4659311868405
0.05258 87.2024418468291
0.05266 89.4852465495578
0.05274 94.4906817842235
0.05282 96.8009865223878
0.0529 95.2229292002616
0.05298 100.179898131079
0.05306 97.1162920070592
0.05313 92.352717693045
0.05321 87.3676247777597
0.05329 88.6897369291265
0.05337 90.2893505301781
0.05345 98.3260185546954
0.05353 91.599071465816
0.05361 84.1701246120627
0.05369 86.8702865189078
0.05377 96.4614973470477
0.05384 92.075457485731
0.05392 91.5970215557261
0.054 97.1596172526383
0.05408 91.3969841466819
0.05416 88.5027917031723
0.05424 89.3722755271289
0.05432 92.1430440841844
0.0544 93.0325931361703
0.05448 90.1413163956918
0.05456 86.4945288752257
0.05463 89.3502016218662
0.05471 92.4124582016188
0.05479 92.4945323732699
0.05487 88.091582920403
0.05495 90.0767611547786
0.05503 89.7504193190141
0.05511 96.6121023431917
0.05519 89.7113308084293
0.05527 91.1641913618545
0.05534 94.5831968702397
0.05542 98.2480328762717
0.0555 96.8933780156806
0.05558 88.9476104335599
0.05566 88.634252441883
0.05574 94.2987356977061
0.05582 88.4294029183453
0.0559 93.6776113986593
0.05598 90.816069317161
0.05606 83.8866953669733
0.05613 91.7318466071983
0.05621 93.2519222946913
0.05629 92.2707439010126
0.05637 83.2435210196454
0.05645 80.4512666150405
0.05653 76.5715102207222
0.05661 78.8541640850077
0.05669 85.3583838487625
0.05677 89.0047334637432
0.05684 89.8681665646178
0.05692 88.9951470788745
0.057 88.7172834754489
0.05708 86.1699897641041
0.05716 83.468223146992
0.05724 76.509753782916
0.05732 81.8318301440604
0.0574 88.2334872548323
0.05748 89.8494117489836
0.05756 90.7440041609735
0.05763 96.8086592257654
0.05771 87.9915173513019
0.05779 87.085268027925
0.05787 88.5662804554147
0.05795 87.2454614040759
0.05803 88.3568081649913
0.05811 88.8551305314778
0.05819 89.8327626014633
0.05827 82.0220645114005
0.05834 71.0584712368182
0.05842 77.3421192643566
0.0585 80.889039916313
0.05858 85.2871420072445
0.05866 87.7817194423333
0.05874 81.0876666391897
0.05882 83.8052976406556
0.0589 88.6842888947715
0.05898 88.0482118501526
0.05906 83.9034348760827
0.05913 82.8692544903672
0.05921 84.1905845387518
0.05929 81.4618793420744
0.05937 87.5727288445898
0.05945 88.1071442977781
0.05953 91.1677503214232
0.05961 92.9314365140323
0.05969 89.0225202175257
0.05977 79.1641053311295
0.05984 75.8708733010368
0.05992 85.3047911811666
0.06 86.012516757962
0.06008 83.38127702787
0.06016 85.7657407253527
0.06024 86.3018013931108
0.06032 89.9966046337257
0.0604 86.1956970717572
0.06048 88.4503332742697
0.06055 83.232489408552
0.06063 82.1528588016382
0.06071 84.9368371490925
0.06079 82.3606360625442
0.06087 80.2401816549664
0.06095 80.1885564529166
0.06103 75.4389042659532
0.06111 73.1151279209295
0.06119 78.089900210512
0.06127 73.795485077904
0.06134 82.6610599827427
0.06142 87.5487791442929
0.0615 89.0377055387003
0.06158 82.4045380600532
0.06166 76.0546828842327
0.06174 76.6583700320395
0.06182 74.8625683314464
0.0619 81.486839773018
0.06198 83.247437456463
0.06205 81.5407474395911
0.06213 84.5411325920744
0.06221 83.820930114453
0.06229 74.5244346857882
0.06237 75.8002646768575
0.06245 78.5019621926856
0.06253 85.2393821181417
0.06261 85.5523061522711
0.06269 82.8593318673854
0.06277 81.0244257374402
0.06284 84.0995605459703
0.06292 81.6967141199467
0.063 77.1398040461117
0.06308 84.259939321791
0.06316 82.585716283568
0.06324 82.2517735058941
0.06332 92.5745739471983
0.0634 83.3383923902992
0.06348 78.3389759988425
0.06355 79.4321505967914
0.06363 78.6464260829893
0.06371 79.5927726101211
0.06379 82.5216208523222
0.06387 82.1675085614009
0.06395 83.7520650893238
0.06403 84.6855938433631
0.06411 85.2528915691194
0.06419 81.7700457531498
0.06427 84.8924108959546
0.06434 87.6086358665757
0.06442 85.5829457995723
0.0645 79.220710777314
0.06458 75.8551099190092
0.06466 77.263457182938
0.06474 81.5047660382912
0.06482 80.6943641279727
0.0649 75.8684286711177
0.06498 72.1415072835039
0.06505 74.4479447770909
0.06513 73.4587135700498
0.06521 81.2100061230676
0.06529 77.5383213298656
0.06537 80.4238430175648
0.06545 78.1492379763653
0.06553 75.911401073601
0.06561 77.5111269615929
0.06569 79.3449347441636
0.06577 88.5445906504133
0.06584 85.2793224557001
0.06592 78.7370680341557
0.066 69.9752551320007
0.06608 78.4073978404563
0.06616 76.3483975710907
0.06624 73.9966567256414
0.06632 83.7473074451005
0.0664 78.2719163797099
0.06648 85.5445424010891
0.06655 80.3405854149802
0.06663 75.0563789283838
0.06671 81.9032879773677
0.06679 82.0833538663711
0.06687 75.4518828320108
0.06695 74.1077619075581
0.06703 71.2315960454325
0.06711 76.7165097359457
0.06719 78.6350190172337
0.06726 72.7541648477002
0.06734 73.9810209266136
0.06742 79.1039017511657
0.0675 80.2323348153637
0.06758 72.6927239892402
0.06766 75.8311542121285
0.06774 81.1074627352516
0.06782 83.6686871769076
0.0679 77.7883672810325
0.06798 79.6170997602183
0.06805 75.1694276765264
0.06813 74.2027103177101
0.06821 73.7315470932237
0.06829 86.1791974537574
0.06837 90.6493820132435
0.06845 79.0376793068239
0.06853 74.5910597881736
0.06861 77.5655689018243
0.06869 78.4541325160835
0.06876 76.0889107531299
0.06884 79.5152494438876
0.06892 84.5643334840314
0.069 82.3424486670257
0.06908 74.2725109656183
0.06916 70.5880429605505
0.06924 71.5185317326199
0.06932 75.7740823058159
0.0694 73.4773043309964
0.06948 75.5511975129566
0.06955 72.9497894962331
0.06963 67.6590199382475
0.06971 71.4953308618322
0.06979 76.3433462093645
0.06987 78.5309958419662
0.06995 82.9398491909176
0.07003 78.6450479840795
0.07011 81.7439730512027
0.07019 72.8131670828249
0.07026 71.9962433763125
0.07034 69.8260375877501
0.07042 81.8303550119315
0.0705 73.7774783843944
0.07058 74.980161455715
0.07066 79.9597093245956
0.07074 78.7202986191423
0.07082 77.683876980591
0.0709 78.3096267278771
0.07097 80.5177236301233
0.07105 72.3925639018097
0.07113 76.1843216331335
0.07121 75.8653122935264
0.07129 78.6424299253199
0.07137 74.1077266601161
0.07145 69.5300855748249
0.07153 78.0535819060529
0.07161 75.857174481282
0.07169 75.8439726502669
0.07176 73.9976587471815
0.07184 77.280044523512
0.07192 80.7373232507038
0.072 78.9906283868042
0.07208 74.4575325132211
0.07216 77.2706302373917
0.07224 71.0465651871847
0.07232 76.6277037617261
0.0724 77.3108078270445
0.07247 72.2793889007594
0.07255 70.5730337495699
0.07263 67.4243619779539
0.07271 72.9654824468847
0.07279 74.3853896101507
0.07287 69.0158463700217
0.07295 68.3630032144504
0.07303 70.2887373391087
0.07311 72.4271638789694
0.07319 73.7015140825873
0.07326 72.9001716624938
0.07334 72.267078113267
0.07342 72.7838277663814
0.0735 71.7123576044477
0.07358 72.8154130121527
0.07366 73.9442793476828
0.07374 75.3946554319324
0.07382 71.4142294920325
0.0739 71.8203729894466
0.07397 70.9711091799006
0.07405 70.6290312078281
0.07413 70.186253119224
0.07421 71.3113790857921
0.07429 76.487706458327
0.07437 76.0030045420048
0.07445 76.1228694900595
0.07453 77.4863300261372
0.07461 72.5913906553699
0.07468 78.9373147845284
0.07476 75.5228788605125
0.07484 76.6689983200434
0.07492 77.4741003319273
0.075 81.3684719036125
0.07508 76.7954196890266
0.07516 71.7155238604947
0.07524 68.8784697643973
0.07532 68.2674660815389
0.0754 74.4593963797643
0.07547 72.1326079635365
0.07555 77.5287734753307
0.07563 71.0179022949052
0.07571 73.0147872767849
0.07579 74.6650346355757
0.07587 78.6120626717086
0.07595 79.5654479986641
0.07603 72.8193500230601
0.07611 77.0367722728164
0.07618 70.0657217015269
0.07626 81.359622398593
0.07634 81.8866927197487
0.07642 72.1772521612633
0.0765 70.1110436323407
0.07658 65.9259721263552
0.07666 73.9634707598795
0.07674 79.0651700527838
0.07682 68.5570915889542
0.0769 77.2938855996188
0.07697 78.3470686938
0.07705 64.4472242071448
0.07713 63.3289270551952
0.07721 67.6274573252119
0.07729 71.7561513264623
0.07737 72.4919371068101
0.07745 75.1597309998557
0.07753 70.5982287512543
0.07761 73.8272829478957
0.07768 74.7300437642493
0.07776 68.9346765428148
0.07784 77.1726790455113
0.07792 79.4165380955455
0.078 70.8928424410186
0.07808 69.6117424785882
0.07816 74.685903870769
0.07824 78.2519654125898
0.07832 74.0420703904749
0.07839 75.6251969882327
0.07847 72.3345032537092
0.07855 76.8569654977507
0.07863 71.4202669141929
0.07871 79.2969695040086
0.07879 75.1192544358392
0.07887 67.671178599543
0.07895 68.9997055593628
0.07903 73.1864987390474
0.07911 65.4996199203139
0.07918 70.736649899029
0.07926 66.4443244945984
0.07934 63.2420281120058
0.07942 75.223047674519
0.0795 73.4087469681683
0.07958 67.9267456554559
0.07966 71.6828774675905
0.07974 72.9322912030927
0.07982 69.9584153491191
0.07989 67.7855642772465
0.07997 75.1683579049638
0.08005 77.8792464419547
0.08013 75.568569616697
0.08021 67.4338932486755
