0.00268 345359.70560576
0.00276 328327.605559443
0.00284 302187.570290012
0.00292 278967.613493049
0.003 257639.888457365
0.00308 237883.112749664
0.00316 219995.436430961
0.00324 203617.256423016
0.00332 188232.651791217
0.0034 174060.807712922
0.00347 161345.743682551
0.00355 150015.564778703
0.00363 138925.103928231
0.00371 129216.996551055
0.00379 120789.616323312
0.00387 112834.714203548
0.00395 105334.116933828
0.00403 98426.9413268132
0.00411 92355.6222435993
0.00418 86943.3783659265
0.00426 81743.7908255796
0.00434 77023.1702052867
0.00442 72439.433751171
0.0045 68168.8985079707
0.00458 64240.8969446507
0.00466 60566.2320072064
0.00474 57299.6144291339
0.00482 54291.3145307631
0.0049 51457.4121658065
0.00497 48873.5048944838
0.00505 46378.8694286688
0.00513 44042.1870187975
0.00521 41806.960860736
0.00529 39867.4141618607
0.00537 37890.9393667248
0.00545 36099.6524029333
0.00553 34403.1635051618
0.00561 32856.2608321596
0.00568 31360.8226494796
0.00576 29983.8546307942
0.00584 28660.7892510258
0.00592 27413.2757392849
0.006 26205.3292481666
0.00608 25102.6124045407
0.00616 24035.330135281
0.00624 23055.7102162925
0.00632 22111.1145411891
0.0064 21327.94053091
0.00647 20501.3696530431
0.00655 19667.2890937829
0.00663 18867.3622248335
0.00671 18094.3389293453
0.00679 17416.4370338225
0.00687 16819.4079285407
0.00695 16225.0458736004
0.00703 15558.9244166044
0.00711 14955.6143510778
0.00718 14419.525759731
0.00726 13881.6653057855
0.00734 13351.8449917241
0.00742 12931.9927450143
0.0075 12498.2901646638
0.00758 12119.0145313046
0.00766 11730.7234502901
0.00774 11305.780840837
0.00782 10854.4704381952
0.0079 10493.7858779368
0.00797 10233.6666969346
0.00805 9937.81903620174
0.00813 9617.0140737212
0.00821 9284.82769104011
0.00829 8929.9946895279
0.00837 8654.40091853341
0.00845 8392.8847142658
0.00853 8087.22035710201
0.00861 7863.05751151457
0.00868 7690.54330653529
0.00876 7467.83786122207
0.00884 7206.11240391756
0.00892 6983.37467636032
0.009 6787.54407122698
0.00908 6563.57539839022
0.00916 6401.9588798417
0.00924 6236.76704226792
0.00932 6034.32525785494
0.0094 5826.83992116846
0.00947 5675.09449506055
0.00955 5533.82001515033
0.00963 5404.60806282074
0.00971 5235.95370581044
0.00979 5070.98106249668
0.00987 4963.39032566983
0.00995 4850.54928467025
0.01003 4744.66732503412
0.01011 4615.29714943294
0.01019 4485.98123099503
0.01026 4374.34051478699
0.01034 4246.66738302718
0.01042 4162.25566650821
0.0105 4075.36093108107
0.01058 3934.22580787789
0.01066 3827.02981878849
0.01074 3762.78881213105
0.01082 3712.7851443185
0.0109 3628.87813841497
0.01097 3525.33134288211
0.01105 3420.67508374121
0.01113 3334.82213560594
0.01121 3266.52936812414
0.01129 3174.581530595
0.01137 3093.84110342086
0.01145 3030.23318235326
0.01153 2974.58561746448
0.01161 2907.65154549553
0.01169 2833.29380595482
0.01176 2763.11117346273
0.01184 2705.64446183575
0.01192 2645.36606317078
0.012 2594.35920214254
0.01208 2563.2236371424
0.01216 2515.64074000483
0.01224 2451.63068554229
0.01232 2407.47195623169
0.0124 2362.3959001196
0.01247 2291.8263739605
0.01255 2220.93079773033
0.01263 2192.01556863729
0.01271 2147.41470177093
0.01279 2101.0868962763
0.01287 2072.13071613623
0.01295 2030.77088464518
0.01303 1973.42203126299
0.01311 1938.56839768432
0.01319 1904.83687669209
0.01326 1872.80222276598
0.01334 1843.67091044897
0.01342 1791.47715435932
0.0135 1744.59039833484
0.01358 1729.06169270705
0.01366 1700.84165584574
0.01374 1673.24188746623
0.01382 1638.65855108913
0.0139 1600.38899250951
0.01397 1572.20686471813
0.01405 1555.37594671871
0.01413 1524.12078586014
0.01421 1483.44194671737
0.01429 1447.13989658178
0.01437 1429.83855494025
0.01445 1420.56165298029
0.01453 1379.62266059225
0.01461 1356.04601940685
0.01469 1328.76310677317
0.01476 1316.30053691937
0.01484 1291.45158615096
0.01492 1269.73983167334
0.015 1247.70828107665
0.01508 1215.41838766597
0.01516 1204.98049056157
0.01524 1194.06335886154
0.01532 1180.8188101621
0.0154 1147.35277224064
0.01548 1123.08773642329
0.01555 1108.30199628076
0.01563 1086.63616178853
0.01571 1067.86896038992
0.01579 1051.10226671367
0.01587 1030.0418562755
0.01595 1017.17393435908
0.01603 1004.84944613205
0.01611 988.897868138471
0.01619 970.297960786287
0.01626 967.539010619799
0.01634 944.806823082246
0.01642 926.795220872411
0.0165 919.039718270919
0.01658 897.560481460748
0.01666 878.382712498427
0.01674 877.070637315628
0.01682 872.455280540632
0.0169 854.356611257966
0.01698 825.618504418963
0.01705 821.275319331652
0.01713 815.362074621429
0.01721 809.96468847846
0.01729 808.177839966566
0.01737 787.844674774946
0.01745 772.343499088494
0.01753 756.724450568576
0.01761 749.017003505321
0.01769 750.628041442157
0.01776 737.969812442103
0.01784 724.486620866973
0.01792 717.94293520634
0.018 701.161760607355
0.01808 680.95888668948
0.01816 671.541984744765
0.01824 663.990248551988
0.01832 655.051536016876
0.0184 645.540878424756
0.01848 636.829509975071
0.01855 631.429373556189
0.01863 624.502807719753
0.01871 604.820975304134
0.01879 592.167313228265
0.01887 594.601322269466
0.01895 592.163618082436
0.01903 582.202995402461
0.01911 578.384069218492
0.01919 576.113503520618
0.01926 562.967085384972
0.01934 553.638978129862
0.01942 547.9931614079
0.0195 541.648294499105
0.01958 542.819829565094
0.01966 539.565701985523
0.01974 524.903300645888
0.01982 526.177234890541
0.0199 519.404184454081
0.01998 503.468690119538
0.02005 501.039955018806
0.02013 495.935187189289
0.02021 491.741284799574
0.02029 489.203479173295
0.02037 482.269781472923
0.02045 476.453429382956
0.02053 455.810302392294
0.02061 453.21253307716
0.02069 458.977729064221
0.02076 449.425879203864
0.02084 444.565596275665
0.02092 440.412380456341
0.021 427.985386041734
0.02108 425.896164036832
0.02116 426.98687875114
0.02124 419.876929931211
0.02132 412.360751242555
0.0214 409.686418884825
0.02148 403.815131212286
0.02155 397.185863586643
0.02163 399.286005623083
0.02171 393.86047620931
0.02179 395.029934742196
0.02187 394.29155950007
0.02195 380.086425859714
0.02203 374.256713183242
0.02211 377.35913868588
0.02219 372.912415483549
0.02227 370.174716657378
0.02234 375.174882585728
0.02242 365.80239689729
0.0225 353.218958722632
0.02258 350.03949176761
0.02266 346.797698230975
0.02274 352.383557935713
0.02282 351.400178793501
0.0229 342.013525830042
0.02298 341.542522754644
0.02305 336.883243408049
0.02313 332.563528302323
0.02321 328.607753779804
0.02329 322.500682511538
0.02337 308.408979038232
0.02345 308.730705401449
0.02353 314.734267172846
0.02361 305.33592340182
0.02369 303.303979963205
0.02377 305.311692598726
0.02384 307.403656898988
0.02392 308.418159460997
0.024 297.234341972925
0.02408 292.556653960992
0.02416 289.964490126779
0.02424 288.77251377656
0.02432 292.597050825326
0.0244 298.384197146095
0.02448 287.601170137994
0.02455 276.259391237132
0.02463 275.888437083514
0.02471 279.617510069759
0.02479 275.939241652248
0.02487 272.568060521265
0.02495 271.235605818845
0.02503 270.205717968486
0.02511 268.188315950632
0.02519 264.601392489125
0.02527 264.32294016294
0.02534 258.196900726266
0.02542 251.101803607243
0.0255 258.897725061928
0.02558 253.305136901021
0.02566 254.159252062779
0.02574 251.231284909579
0.02582 245.827899188567
0.0259 247.56098756827
0.02598 242.015612471609
0.02605 243.372173719354
0.02613 243.587645608989
0.02621 236.691423063336
0.02629 233.122466413743
0.02637 235.35573036457
0.02645 232.028750891675
0.02653 233.182785605878
0.02661 231.819009469284
0.02669 229.180386097995
0.02677 229.849819877032
0.02684 235.334364784513
0.02692 233.81970059618
0.027 225.125823810343
0.02708 220.917905606758
0.02716 225.310693896795
0.02724 223.029568991032
0.02732 224.482163737721
0.0274 213.663102810849
0.02748 206.458022841282
0.02755 207.367749408238
0.02763 211.070121045843
0.02771 215.588032284467
0.02779 209.49414023565
0.02787 208.297099951337
0.02795 204.236678948396
0.02803 205.292512625086
0.02811 197.8970281634
0.02819 199.653189809721
0.02827 191.947065752397
0.02834 195.625102924398
0.02842 203.938842516007
0.0285 195.782631129365
0.02858 195.201958143753
0.02866 192.927258064473
0.02874 185.93065833948
0.02882 186.047755118886
0.0289 185.474188725459
0.02898 182.165675734572
0.02905 189.048967533977
0.02913 190.511232419
0.02921 193.453281162124
0.02929 192.31239844282
0.02937 186.808027533373
0.02945 175.394216021242
0.02953 180.564282020444
0.02961 185.286155750529
0.02969 179.115414964504
0.02977 175.275873381249
0.02984 176.217014382981
0.02992 180.595751654045
0.03 177.431427457249
0.03008 171.058139521254
0.03016 168.750557813283
0.03024 173.052420431511
0.03032 168.100478234545
0.0304 165.352679345106
0.03048 169.992415122624
0.03056 170.487777914208
0.03063 174.184417089431
0.03071 165.109821702114
0.03079 165.901335164876
0.03087 173.692342151479
0.03095 170.295754080807
0.03103 167.229887417615
0.03111 160.197726884441
0.03119 161.023179818966
0.03127 168.121604652046
0.03134 164.957621327517
0.03142 161.408973723832
0.0315 159.143903236245
0.03158 162.168573018216
0.03166 162.837992187408
0.03174 157.196887263828
0.03182 151.960182217443
0.0319 148.916418700372
0.03198 153.61461844908
0.03206 153.392537019508
0.03213 149.397115169549
0.03221 142.740584032011
0.03229 145.755115220379
0.03237 149.277745236265
0.03245 148.582648686492
0.03253 146.325804441109
0.03261 145.065483352283
0.03269 146.994264109372
0.03277 151.078681323497
0.03284 147.975174701176
0.03292 142.303558979879
0.033 145.523753051932
0.03308 146.466854932258
0.03316 149.257135157348
0.03324 141.908393309503
0.03332 144.766808330334
0.0334 149.907642000833
0.03348 140.999271468751
0.03356 140.686332803608
0.03363 144.298656554344
0.03371 145.015031647814
0.03379 139.093031098222
0.03387 133.897619966278
0.03395 133.102522293366
0.03403 136.328779059331
0.03411 134.604025218495
0.03419 136.837628732664
0.03427 134.793737325344
0.03434 134.106888943126
0.03442 129.59070135217
0.0345 124.971146393682
0.03458 127.673682477901
0.03466 130.892906408288
0.03474 128.019296797976
0.03482 130.606320882843
0.0349 131.414668871626
0.03498 135.452832543604
0.03506 137.095541432477
0.03513 132.13434175208
0.03521 126.412760674317
0.03529 127.332523460117
0.03537 126.348888508029
0.03545 130.926528284397
0.03553 124.065603421543
0.03561 125.048038337716
0.03569 125.042713209869
0.03577 128.344652530967
0.03584 124.662172006336
0.03592 127.606460693373
0.036 123.659249960093
0.03608 127.533909168014
0.03616 134.006558317011
0.03624 122.707368362247
0.03632 124.828634092496
0.0364 122.046013248693
0.03648 116.421845162383
0.03656 118.556186470738
0.03663 123.14895769955
0.03671 119.31809618275
0.03679 121.369274884264
0.03687 119.722854223409
0.03695 117.653359857162
0.03703 122.098532196788
0.03711 123.59932014625
0.03719 119.339760114463
0.03727 120.041474184725
0.03734 120.738898400985
0.03742 119.390726141208
0.0375 114.58905669255
0.03758 115.109981917589
0.03766 112.905289125022
0.03774 121.140239052212
0.03782 117.85715093609
0.0379 114.96927165483
0.03798 115.949855340335
0.03806 114.317063131367
0.03813 114.808851709661
0.03821 112.399660199175
0.03829 117.964850678235
0.03837 118.982459663313
0.03845 115.631709840869
0.03853 115.944935573054
0.03861 114.597603232929
0.03869 113.430950090103
0.03877 112.598672331236
0.03884 113.896733716472
0.03892 111.839887663584
0.039 108.959406696874
0.03908 104.720842797065
0.03916 108.735240795985
0.03924 111.570372564993
0.03932 108.54229401802
0.0394 106.183018006715
0.03948 105.94548549157
0.03956 111.621284765344
0.03963 106.244019629597
0.03971 105.270575746242
0.03979 104.028597525531
0.03987 105.640489991864
0.03995 104.325189406256
0.04003 107.618122398477
0.04011 104.322706932218
0.04019 108.342893858929
0.04027 103.642339198014
0.04034 98.6531451112878
0.04042 103.55874999147
0.0405 106.290590809737
0.04058 112.04341890002
0.04066 108.185198875583
0.04074 104.643782121852
0.04082 99.9927270011523
0.0409 101.830008638563
0.04098 101.268430053098
0.04106 99.6559010441971
0.04113 97.6819670874738
0.04121 99.8867077210191
0.04129 98.9058443051483
0.04137 107.023676836504
0.04145 107.400333504262
0.04153 98.2628055213733
0.04161 100.878931047882
0.04169 102.171902541058
0.04177 97.7008568439532
0.04184 99.3288675305472
0.04192 102.264244905618
0.042 102.447225853776
0.04208 96.1463505755261
0.04216 100.591342835851
0.04224 102.239379491586
0.04232 94.8320181787857
0.0424 97.224957921764
0.04248 100.469976153824
0.04256 99.3147619777954
0.04263 99.6780414328979
0.04271 96.8055434708815
0.04279 93.1846213908493
0.04287 99.0286070423288
0.04295 100.599583666729
0.04303 96.0720441665027
0.04311 94.1806621685111
0.04319 101.277888918475
0.04327 105.35024656317
0.04334 102.456270047941
0.04342 100.778780437561
0.0435 100.745211743968
0.04358 102.708749302075
0.04366 101.703775329434
0.04374 95.5231637305139
0.04382 94.3830219025045
0.0439 97.9945715308112
0.04398 101.165008236466
0.04406 91.7524832032813
0.04413 96.2042856781034
0.04421 93.2695654620294
0.04429 91.8918904326596
0.04437 93.3964386601271
0.04445 99.5913132583648
0.04453 100.62296594691
0.04461 92.6173568962275
0.04469 100.894490472458
0.04477 94.7831206622514
0.04484 89.1630005436968
0.04492 94.9513681818567
0.045 97.8119866114054
0.04508 99.1487770136697
0.04516 91.9379672630742
0.04524 89.8002464305741
0.04532 94.4399509932653
0.0454 90.6902944876072
0.04548 96.0696241221191
0.04556 97.437205759851
0.04563 95.3387415252384
0.04571 97.2341549071721
0.04579 99.5459992445961
0.04587 102.376734836906
0.04595 101.005209558975
0.04603 92.9473287668135
0.04611 87.5091742951245
0.04619 89.9075115712946
0.04627 90.9492955591038
0.04634 95.9377580651806
0.04642 97.0030286607274
0.0465 89.1274211565635
0.04658 92.2902303184658
0.04666 92.7921587992845
0.04674 91.7157555691487
0.04682 92.2149451010071
0.0469 88.9616634053333
0.04698 85.7372771563721
0.04706 90.2534913280017
0.04713 92.0395178976567
0.04721 91.4293162479934
0.04729 88.0819958281496
0.04737 87.4568593891584
0.04745 88.7088771962833
0.04753 81.3645733807004
0.04761 77.018302444409
0.04769 85.4452682032767
0.04777 92.9180605679613
0.04784 99.5356108477016
0.04792 87.7317846991555
0.048 87.8569833994868
0.04808 90.8240808976667
0.04816 85.7341189443859
0.04824 81.5319557300722
0.04832 83.903233515307
0.0484 84.0954022017358
0.04848 87.2669087212915
0.04856 83.1249763749998
0.04863 78.3765973366821
0.04871 84.6072865578399
0.04879 82.6715772927293
0.04887 86.7357944226569
0.04895 82.8912008126299
0.04903 82.7252636894831
0.04911 88.9431883412344
0.04919 83.6763020847845
0.04927 84.9021508006201
0.04934 86.1539460078336
0.04942 87.4532213949532
0.0495 83.7998555493768
0.04958 85.6096325171989
0.04966 87.8210079624323
0.04974 91.7052090394734
0.04982 91.9772019779491
0.0499 84.4903924904713
0.04998 83.9167151190268
0.05006 89.3564490504012
0.05013 91.4563671356683
0.05021 93.7817820659704
0.05029 90.7245914577882
0.05037 86.5158924813129
0.05045 86.3261757191408
0.05053 85.8170954653429
0.05061 89.7838969859714
0.05069 86.4262984186964
0.05077 86.4221966245476
0.05084 80.1159543628866
0.05092 75.7890669100918
0.051 86.3671785974321
0.05108 85.1489959556826
0.05116 82.8145580703513
0.05124 80.1596835966012
0.05132 77.7314016762454
0.0514 83.1989433053568
0.05148 78.6474520461881
0.05156 78.6736530173505
0.05163 82.7822113591954
0.05171 83.16519517634
0.05179 75.7674295378838
0.05187 78.56207208583
0.05195 83.3461069704102
0.05203 86.5029784035554
0.05211 84.1274227139775
0.05219 82.1245853299886
0.05227 84.0684317634666
0.05234 86.3828283412581
0.05242 87.0660048330908
0.0525 77.1385641286004
0.05258 74.0382044548204
0.05266 77.9434049890699
0.05274 81.7882564252809
0.05282 87.1461746550652
0.0529 77.0168113723437
0.05298 85.5956319782191
0.05306 82.7395818241166
0.05313 76.4573896635403
0.05321 74.9765333736932
0.05329 80.0450307820684
0.05337 81.8556596192027
0.05345 80.676842579389
0.05353 74.7628230393527
0.05361 77.1997032890046
0.05369 79.8704614334448
0.05377 83.2332635309812
0.05384 79.0668870711603
0.05392 83.3933718447424
0.054 84.1181838094974
0.05408 82.5014812026403
0.05416 81.2573587199737
0.05424 80.1481422973848
0.05432 82.7788105747461
0.0544 86.6052766010627
0.05448 79.2844095359311
0.05456 76.8673911372254
0.05463 84.7026775287999
0.05471 87.2010737236104
0.05479 83.5886516307325
0.05487 80.6040013056341
0.05495 77.9399258138608
0.05503 76.4702965104682
0.05511 83.2264719166045
0.05519 82.2860159846356
0.05527 83.1335049591353
0.05534 80.3016165068424
0.05542 82.7384130241968
0.0555 87.4703369814323
0.05558 81.4064101932291
0.05566 75.7190822137751
0.05574 79.9704552410776
0.05582 77.4946625698656
0.0559 78.5969405510803
0.05598 79.0856977506647
0.05606 79.0368042032376
0.05613 86.6882365382065
0.05621 85.0863245115257
0.05629 82.9635882833015
0.05637 72.7290815102484
0.05645 70.2568092259328
0.05653 68.1620341729038
0.05661 69.6490568191727
0.05669 72.0955573710431
0.05677 78.8552465347842
0.05684 78.7708407063695
0.05692 83.3496246971222
0.057 80.8768567118206
0.05708 81.512087872542
0.05716 74.6470944255042
0.05724 69.271239332048
0.05732 74.5033747728949
0.0574 77.9144962837741
0.05748 78.2954627569171
0.05756 80.9560105462872
0.05763 81.2454207481286
0.05771 77.2193625125908
0.05779 77.300733679404
0.05787 76.1008148287945
0.05795 75.3749895578854
0.05803 81.9986769531894
0.05811 80.0495685077337
0.05819 79.4912864003308
0.05827 77.390107116078
0.05834 70.2541918533885
0.05842 71.7432969758358
0.0585 74.9563984428417
0.05858 74.5409316647731
0.05866 78.3154375810189
0.05874 79.2300407084293
0.05882 78.05945654011
0.0589 81.0531477341432
0.05898 79.6560321331606
0.05906 75.1480322117353
0.05913 78.8253723431439
0.05921 71.9430526805449
0.05929 71.7171265544542
0.05937 73.6993418886968
0.05945 77.2364003733563
0.05953 76.2496649836128
0.05961 76.2473957988417
0.05969 75.6662935533434
0.05977 74.2727029734103
0.05984 75.2949054845162
0.05992 80.3217182700673
0.06 79.6682226108213
0.06008 79.1298389107293
0.06016 86.0943710110552
0.06024 78.0998813152098
0.06032 76.6559446672873
0.0604 78.7997860103686
0.06048 83.887561202253
0.06055 79.2076332252378
0.06063 79.5428424799274
0.06071 81.3184447401998
0.06079 75.6237152056431
0.06087 73.2870566627348
0.06095 75.5047100651148
0.06103 70.5820945698869
0.06111 65.7365131903673
0.06119 69.6354537025448
0.06127 71.9482369456395
0.06134 79.0772602355029
0.06142 78.6377095025075
0.0615 80.5088848081794
0.06158 75.5776762828547
0.06166 75.3143999248608
0.06174 77.7739833703453
0.06182 74.4820490532646
0.0619 76.3688554814724
0.06198 77.5759705784711
0.06205 76.3726037886487
0.06213 77.9979306404296
0.06221 76.5685785989238
0.06229 72.1340817655733
0.06237 71.9466421687251
0.06245 73.6157487342144
0.06253 77.2052364492571
0.06261 80.100502675775
0.06269 76.231377894691
0.06277 77.817686002217
0.06284 80.4742496047471
0.06292 79.5467801982193
0.063 70.9494472433263
0.06308 76.490427514551
0.06316 76.7914454567084
0.06324 73.6416600204889
0.06332 80.9324136679169
0.0634 69.8818470073235
0.06348 71.4948178908175
0.06355 69.7046941399977
0.06363 71.7538382486503
0.06371 70.9740109593026
0.06379 68.3818704017019
0.06387 75.7644068894503
0.06395 77.1241111166294
0.06403 75.3230899670074
0.06411 78.069725376896
0.06419 77.1467365232406
0.06427 75.4710994947891
0.06434 71.6129891182776
0.06442 72.4256269398942
0.0645 73.7619887684874
0.06458 71.9997577777942
0.06466 73.1815231078966
0.06474 76.0962033888613
0.06482 73.3832050876337
0.0649 69.0363779946712
0.06498 68.4885222129583
0.06505 71.8448469877107
0.06513 71.9522031550663
0.06521 77.0571570916377
0.06529 68.3799141572621
0.06537 71.6788181517133
0.06545 70.3883743345386
0.06553 67.3099357536091
0.06561 72.6577765316919
0.06569 75.351211956337
0.06577 76.8367043139914
0.06584 76.8750353071295
0.06592 77.6006990988582
0.066 66.4813963050585
0.06608 72.367519115861
0.06616 72.4515342358922
0.06624 70.2243269723934
0.06632 73.2812976620176
0.0664 71.0126463318502
0.06648 74.4991055353202
0.06655 68.298879893608
0.06663 70.9260151270283
0.06671 74.7374181159707
0.06679 71.9944040953047
0.06687 68.8983030818701
0.06695 72.6531404850539
0.06703 65.1605839253496
0.06711 70.7596533993175
0.06719 70.3552654506136
0.06726 69.3917581350389
0.06734 68.0137867914895
0.06742 66.0503608764463
0.0675 70.7124343284873
0.06758 70.4147972193971
0.06766 69.1392038153762
0.06774 70.3785487236066
0.06782 76.4059578628826
0.0679 73.4746623729166
0.06798 75.6458622024662
0.06805 68.1938174542204
0.06813 63.5948706218503
0.06821 64.0611685281573
0.06829 74.9262046180711
0.06837 77.0406289189951
0.06845 68.4246507117161
0.06853 72.1246030123222
0.06861 74.8275597319978
0.06869 74.981029286133
0.06876 72.617537156262
0.06884 77.3445599251685
0.06892 78.8876777067915
0.069 72.9816744237527
0.06908 75.4054206347506
0.06916 73.1271443258729
0.06924 71.19163108
0.06932 68.106618850452
0.0694 66.425590253054
0.06948 67.7436337778985
0.06955 72.2804214932496
0.06963 63.9351199113134
0.06971 69.4889564859644
0.06979 68.0860778728188
0.06987 73.2071852135859
0.06995 78.2283286737935
0.07003 73.156922212848
0.07011 72.3831988079296
0.07019 67.2264522258826
0.07026 64.6937325013867
0.07034 65.962037281122
0.07042 78.0061362662041
0.0705 73.8933638009316
0.07058 75.3208991729961
0.07066 78.2300762419509
0.07074 74.813057485448
0.07082 72.3842812153676
0.0709 74.3453077024555
0.07097 76.7108012152223
0.07105 69.9451330898675
0.07113 67.7834937507283
0.07121 70.1021748621542
0.07129 72.4538027556173
0.07137 70.9563351835375
0.07145 70.104323758263
0.07153 75.478158245995
0.07161 75.4299551098689
0.07169 73.4207567014818
0.07176 66.0015650061151
0.07184 69.6125810681481
0.07192 77.3040015816541
0.072 74.9917166997297
0.07208 71.8215716952705
0.07216 69.7034855008212
0.07224 71.9667299871517
0.07232 73.8931538580648
0.0724 74.4084835143667
0.07247 71.1361014331312
0.07255 70.6716228352806
0.07263 70.0758894936482
0.07271 67.2767192380663
0.07279 68.2953515261587
0.07287 65.9007771881786
0.07295 60.9964959154667
0.07303 70.7470901060095
0.07311 69.4297097467462
0.07319 73.6945955502567
0.07326 74.8321718158079
0.07334 68.9703974577462
0.07342 65.9379400252737
0.0735 70.1280137007452
0.07358 74.7733576617065
0.07366 67.060339678757
0.07374 70.0881411343785
0.07382 63.7225511735115
0.0739 64.239391188215
0.07397 64.6250853996772
0.07405 67.6125511116958
0.07413 65.3346323224056
0.07421 66.7053661867093
0.07429 73.9019049997732
0.07437 73.8011816277982
0.07445 67.7877676647948
0.07453 75.3415850036578
0.07461 75.3328590913617
0.07468 78.4512878883052
0.07476 73.8191902741075
0.07484 68.9185124767126
0.07492 67.8988515864064
0.075 76.2297320150752
0.07508 69.6606832231172
0.07516 66.8396882005193
0.07524 68.8594438004882
0.07532 68.9316451852745
0.0754 72.0500174956403
0.07547 67.0405681682305
0.07555 71.7673656770413
0.07563 74.8144469113103
0.07571 72.0098704557684
0.07579 67.7378541395837
0.07587 71.8249824554109
0.07595 72.2266148290027
0.07603 61.6165165467705
0.07611 69.8657135121716
0.07618 66.1826954309896
0.07626 73.9498742725431
0.07634 77.5591507469717
0.07642 68.2457961644119
0.0765 67.0288374790678
0.07658 62.9181401956361
0.07666 67.0743421917057
0.07674 70.9047611688662
0.07682 67.6334675228219
0.0769 72.5719872839988
0.07697 76.4462019359735
0.07705 68.0725351483681
0.07713 63.6696647724762
0.07721 68.5631888229227
0.07729 75.9989412781897
0.07737 68.0692653144876
0.07745 70.10055423312
0.07753 71.5772010760312
0.07761 73.825553314813
0.07768 72.94506242296
0.07776 64.7282088858229
0.07784 73.3034898396351
0.07792 70.7666430492394
0.078 57.2737115482744
0.07808 60.5052242984639
0.07816 69.2635041566779
0.07824 70.0569638670192
0.07832 70.9858087334417
0.07839 72.1797678876045
0.07847 69.5601717891472
0.07855 67.6950990589818
0.07863 67.5562666075646
0.07871 70.0278658141158
0.07879 73.1146096930539
0.07887 67.6850156642042
0.07895 68.6330233458422
0.07903 77.0124471178574
0.07911 66.8106817969585
0.07918 69.4411547201281
0.07926 66.7072287231604
0.07934 69.6831817117746
0.07942 81.0588296953622
0.0795 72.2741076659535
0.07958 65.7560561367368
0.07966 75.3825626313675
0.07974 78.8493659788202
0.07982 73.07867343021
0.07989 70.3004507794119
0.07997 70.7993047382033
0.08005 78.4707809562192
0.08013 75.4094433730937
0.08021 69.8640277297913
